
metadata:
    version:
        essentia: "2.1-beta2"
    audio_properties:
        analysis_sample_rate: 44100
        bitrate: 320
        channels: 2
        equal_loudness: 1
        length: 270.655761719
        replay_gain: -13.7061538696
        downmix: "mix"
    tags:
        album: "Uptown Funk"
        artist: "Mark Ronson/Bruno Mars"
        comment: "music:{\"musicId\":29722263,\"musicName\":\"Uptown Funk\",\"artist\":[[\"Mark Ronson\",38898],[\"Bruno Mars\",178059]],\"albumId\":3066178,\"album\":\"Uptown Funk\",\"albumPicDocId\":2528876745541310,\"albumPic\":\"http://p4.music.126.net/G2nCsXpMc81lcUY-pOHr9Q==/2528876745541310.jpg\",\"bitrate\":320000,\"mp3DocId\":2531075768963877,\"duration\":270863,\"mvId\":365047,\"alias\":[]}"
        date: ""
        genre: "null"
        title: "Uptown Funk"
        tracknumber: "0"

configuration:
    average_loudness:
        compute: 1
        frameSize: 88200
        hopSize: 44100
        silentFrames: "noise"
        windowType: "hann"
    general:
        analysisSampleRate: 44100
        endTime: 2000
        equalLoudness: 1
        nequalLoudness: 0
        shortSound: 0
        startTime: 0
    lowlevel:
        compute: 1
        frameSize: 2048
        hopSize: 1024
        zeroPadding: 0
        silentFrames: "noise"
        windowType: "blackmanharris62"
        mfccStats: ["mean", "cov", "icov"]
        stats: ["mean", "var", "median", "min", "max", "dmean", "dmean2", "dvar", "dvar2"]
    panning:
        compute: 0
        frameSize: 8192
        hopSize: 2048
        zeroPadding: 8192
        silentFrames: "noise"
        windowType: "hann"
        stats: ["copy"]
    rhythm:
        compute: 1
        maxTempo: 208
        minTempo: 40
        method: "degara"
        stats: ["mean", "var", "median", "min", "max", "dmean", "dmean2", "dvar", "dvar2"]
    segmentation:
        compute: 0
        cpw: 5
        inc1: 300
        inc2: 50
        minimumSegmentsLength: 10
        size1: 1000
        size2: 600
    sfx:
        compute: 1
        stats: ["mean", "var", "median", "min", "max", "dmean", "dmean2", "dvar", "dvar2"]
    svm:
        compute: 0
    tonal:
        compute: 1
        frameSize: 4096
        hopSize: 2048
        zeroPadding: 0
        silentFrames: "noise"
        windowType: "blackmanharris62"
        stats: ["mean", "var", "median", "min", "max", "dmean", "dmean2", "dvar", "dvar2"]

lowlevel:
    average_loudness: 0.662509441376
    barkbands_kurtosis:
        dmean: 2.32977628708
        dmean2: 3.66237044334
        dvar: 60.4549407959
        dvar2: 135.965087891
        max: 336.512420654
        mean: 1.73004055023
        median: -0.659710288048
        min: -1.92915010452
        var: 105.062767029
    barkbands_skewness:
        dmean: 0.626700520515
        dmean2: 0.945872068405
        dvar: 0.577504336834
        dvar2: 1.21657598019
        max: 12.570561409
        mean: 0.0559272021055
        median: -0.170868217945
        min: -7.33058071136
        var: 2.12346434593
    barkbands_spread:
        dmean: 7.51036882401
        dmean2: 11.505314827
        dvar: 65.5246200562
        dvar2: 148.420471191
        max: 86.3422164917
        mean: 27.560749054
        median: 27.0130119324
        min: 0.113927192986
        var: 188.702713013
    dissonance:
        dmean: 0.019029090181
        dmean2: 0.0315174534917
        dvar: 0.000611945695709
        dvar2: 0.00157318788115
        max: 0.500000119209
        mean: 0.469236403704
        median: 0.481912612915
        min: 0.145222365856
        var: 0.00134584924672
    hfc:
        dmean: 2.71311688423
        dmean2: 4.05045032501
        dvar: 21.8476867676
        dvar2: 54.7243156433
        max: 56.48487854
        mean: 5.76637935638
        median: 2.82458353043
        min: 1.10273134908e-16
        var: 53.2615470886
    pitch:
        dmean: 792.536987305
        dmean2: 1491.28308105
        dvar: 1687408.875
        dvar2: 3817713
        max: 6140.96777344
        mean: 1254.0480957
        median: 354.752990723
        min: 44.9644584656
        var: 2467867.75
    pitch_instantaneous_confidence:
        dmean: 0.106453299522
        dmean2: 0.165561109781
        dvar: 0.00980198383331
        dvar2: 0.0199255608022
        max: 0.995495021343
        mean: 0.43365240097
        median: 0.384269177914
        min: 0.0986077189445
        var: 0.0391434058547
    pitch_salience:
        dmean: 0.0757587477565
        dmean2: 0.124006636441
        dvar: 0.00531633943319
        dvar2: 0.0134679963812
        max: 0.971958041191
        mean: 0.637075185776
        median: 0.655336022377
        min: 0.0395209379494
        var: 0.0153498519212
    silence_rate_20dB:
        dmean: 0
        dmean2: 0
        dvar: 0
        dvar2: 0
        max: 1
        mean: 1
        median: 1
        min: 1
        var: 0
    silence_rate_30dB:
        dmean: 0
        dmean2: 0
        dvar: 0
        dvar2: 0
        max: 1
        mean: 1
        median: 1
        min: 1
        var: 0
    silence_rate_60dB:
        dmean: 0.120957367122
        dmean2: 0.241935476661
        dvar: 0.106332197785
        dvar2: 0.215692043304
        max: 1
        mean: 0.65954709053
        median: 1
        min: 0
        var: 0.224574178457
    spectral_centroid:
        dmean: 397.698516846
        dmean2: 601.150817871
        dvar: 238250.390625
        dvar2: 471345.28125
        max: 11668.1884766
        mean: 1895.08520508
        median: 1858.35546875
        min: 99.5084381104
        var: 1035222.1875
    spectral_complexity:
        dmean: 4.11855554581
        dmean2: 6.04118061066
        dvar: 34.963722229
        dvar2: 69.0069732666
        max: 54
        mean: 9.81634902954
        median: 6
        min: 0
        var: 123.239532471
    spectral_crest:
        dmean: 2.37881064415
        dmean2: 3.91640496254
        dvar: 5.96733236313
        dvar2: 15.4151277542
        max: 26.70652771
        mean: 7.65377855301
        median: 6.41169071198
        min: 2.2915802002
        var: 16.0926609039
    spectral_decrease:
        dmean: 2.75700628993e-10
        dmean2: 4.05939309944e-10
        dvar: 1.9601708023e-19
        dvar2: 4.69245809624e-19
        max: 1.97002856418e-28
        mean: -6.273351838e-10
        median: -4.14338729993e-10
        min: -4.81413131581e-09
        var: 4.53478041088e-19
    spectral_energy:
        dmean: 0.0012539679883
        dmean2: 0.00184125464875
        dvar: 4.16163675254e-06
        dvar2: 9.97979259409e-06
        max: 0.023292997852
        mean: 0.00289073074237
        median: 0.00184307445306
        min: 1.01552479127e-20
        var: 9.98577797873e-06
    spectral_energyband_high:
        dmean: 0.000228803241043
        dmean2: 0.000338194164215
        dvar: 1.59677199463e-07
        dvar2: 3.71572014046e-07
        max: 0.00566565571353
        mean: 0.000413502159063
        median: 0.000119068019558
        min: 7.3597256013e-21
        var: 3.98902557208e-07
    spectral_energyband_low:
        dmean: 0.000298490864225
        dmean2: 0.000511054648086
        dvar: 4.36692545236e-07
        dvar2: 1.1887667597e-06
        max: 0.00652385689318
        mean: 0.000325340690324
        median: 8.66596383275e-05
        min: 2.25517472992e-23
        var: 3.66019207831e-07
    spectral_energyband_middle_high:
        dmean: 0.000684042286593
        dmean2: 0.00104743835982
        dvar: 1.26985139559e-06
        dvar2: 3.26564941133e-06
        max: 0.01281292364
        mean: 0.00144907552749
        median: 0.000825509312563
        min: 1.19262561445e-21
        var: 3.00453075397e-06
    spectral_energyband_middle_low:
        dmean: 0.00045743692317
        dmean2: 0.000722653232515
        dvar: 5.90766319419e-07
        dvar2: 1.48624462781e-06
        max: 0.0101879360154
        mean: 0.000795899599325
        median: 0.000455671804957
        min: 1.93735024427e-22
        var: 9.80767936198e-07
    spectral_flatness_db:
        dmean: 0.0220458097756
        dmean2: 0.0326820313931
        dvar: 0.000647151900921
        dvar2: 0.00131224561483
        max: 0.536986589432
        mean: 0.157308146358
        median: 0.139452949166
        min: 0.0513554811478
        var: 0.00369443022646
    spectral_flux:
        dmean: 0.00980944093317
        dmean2: 0.0146331461146
        dvar: 0.000149003826664
        dvar2: 0.00032217145781
        max: 0.126831382513
        mean: 0.0331489853561
        median: 0.0298349149525
        min: 6.35035010688e-11
        var: 0.000473570456961
    spectral_kurtosis:
        dmean: 1.44956958294
        dmean2: 2.26339936256
        dvar: 5.07104301453
        dvar2: 11.4091405869
        max: 105.611480713
        mean: 4.11293697357
        median: 3.18130517006
        min: -1.28842580318
        var: 15.7568998337
    spectral_rms:
        dmean: 0.000338839687174
        dmean2: 0.00047083501704
        dvar: 1.83335089332e-07
        dvar2: 3.94478149701e-07
        max: 0.00476706167683
        mean: 0.00142944953404
        median: 0.00134094047826
        min: 3.1476275579e-12
        var: 7.76898559707e-07
    spectral_rolloff:
        dmean: 546.873779297
        dmean2: 870.721252441
        dvar: 592793.5
        dvar2: 1237242.25
        max: 19896.6796875
        mean: 3265.37207031
        median: 3509.91210938
        min: 86.1328125
        var: 2450842
    spectral_skewness:
        dmean: 0.236589297652
        dmean2: 0.350468873978
        dvar: 0.0813277736306
        dvar2: 0.165666386485
        max: 9.04063129425
        mean: 1.4253269434
        median: 1.31488060951
        min: -0.354578793049
        var: 0.365581870079
    spectral_spread:
        dmean: 642242.0625
        dmean2: 936457.6875
        dvar: 809778216960
        dvar2: 1.67491062989e+12
        max: 41900464
        mean: 4920428.5
        median: 4630579
        min: 825130.25
        var: 4.73219360358e+12
    spectral_strongpeak:
        dmean: 0.406168073416
        dmean2: 0.68614590168
        dvar: 0.445796430111
        dvar2: 1.09272265434
        max: 6.94611930847
        mean: 0.539130806923
        median: 0.217902526259
        min: 2.87373819186e-10
        var: 0.593363583088
    zerocrossingrate:
        dmean: 0.0130341816694
        dmean2: 0.0141525743529
        dvar: 0.000216171523789
        dvar2: 0.00021739670774
        max: 0.5205078125
        mean: 0.102209433913
        median: 0.10205078125
        min: 0.00439453125
        var: 0.00209870259278
    barkbands:
        dmean: [2.83731026229e-07, 0.00014753852156, 0.000107678570203, 0.000138315648655, 0.000122103825561, 0.000101028148492, 7.68867321312e-05, 8.08028707979e-05, 0.000108154054033, 6.08589543845e-05, 5.52639212401e-05, 6.44040264888e-05, 7.62759227655e-05, 6.88924192218e-05, 7.1970425779e-05, 8.74132747413e-05, 0.000103590355138, 0.000152711349074, 0.000193197920453, 0.000170125174918, 0.000107587598905, 3.48647809005e-05, 5.92477226746e-06, 2.17492561205e-06, 1.03940249119e-06, 3.61719543207e-08, 4.74411399054e-10]
        dmean2: [4.23232307867e-07, 0.000263004767476, 0.000182469040737, 0.000237357380684, 0.000202944283956, 0.000170352126588, 0.000130136846565, 0.000127684485051, 0.000171730367583, 9.55559589784e-05, 8.68283386808e-05, 0.00010283402662, 0.000124884856632, 0.000108411491965, 0.00011687073129, 0.000139146766742, 0.000168911137735, 0.000248692085734, 0.000313306198223, 0.000270760298008, 0.000165860328707, 5.05066127516e-05, 8.5779965957e-06, 3.04037052956e-06, 1.41935834108e-06, 5.05794197636e-08, 6.82394973861e-10]
        dvar: [3.30687056514e-13, 1.834532668e-07, 5.05068626921e-08, 1.57244272714e-07, 6.21163707137e-08, 5.38865414512e-08, 3.71876893723e-08, 3.69155053193e-08, 5.51693517536e-08, 2.01357188701e-08, 1.36084912228e-08, 1.81851884662e-08, 2.12315178771e-08, 2.44077771328e-08, 1.80637123037e-08, 3.49357875962e-08, 4.0302385429e-08, 8.76267094441e-08, 1.47158061736e-07, 1.03997422229e-07, 3.80464371119e-08, 3.91415344581e-09, 1.23483487324e-10, 1.49136362981e-11, 3.65056292487e-12, 6.57411408297e-15, 1.20877681351e-18]
        dvar2: [7.85210221496e-13, 5.07136064698e-07, 1.39081706152e-07, 4.46510085794e-07, 1.61660082654e-07, 1.42039382922e-07, 9.66715560935e-08, 8.42563707693e-08, 1.32026485744e-07, 4.50717045908e-08, 3.06688967555e-08, 4.38094858168e-08, 5.41078648553e-08, 5.30905417406e-08, 4.37715712565e-08, 8.05929403214e-08, 1.01364037164e-07, 2.25424471978e-07, 3.81694945872e-07, 2.73980703014e-07, 9.67072821823e-08, 8.38001401604e-09, 2.72373623655e-10, 3.0668620421e-11, 7.06696767078e-12, 1.42162570913e-14, 2.45342452107e-18]
        max: [7.2284738053e-06, 0.00276085454971, 0.00317136989906, 0.00561480596662, 0.00356758688577, 0.00348056526855, 0.00352287827991, 0.00411141384393, 0.00548590486869, 0.00322354538366, 0.00276516960002, 0.00320764258504, 0.00287377461791, 0.00362470187247, 0.00258043897338, 0.00448481366038, 0.00342063908465, 0.00664926087484, 0.00586110027507, 0.00469368882477, 0.00307341432199, 0.0011117910035, 0.000170764280483, 8.77002603374e-05, 3.47522072843e-05, 1.35549487368e-06, 1.84766939526e-08]
        mean: [4.03603280574e-07, 0.000115882823593, 0.0001372484694, 0.000141602737131, 0.000152673965204, 0.000121965909784, 8.6757070676e-05, 0.00011001148232, 0.000152666092617, 8.04468145361e-05, 8.32752339193e-05, 9.24062405829e-05, 0.000106143328594, 9.17596189538e-05, 9.85906663118e-05, 0.000125421764096, 0.000149979503476, 0.000228465345572, 0.000292750133667, 0.000269854994258, 0.000177071764483, 5.98931474087e-05, 1.01123550849e-05, 3.59434920938e-06, 1.70388943843e-06, 5.23222922766e-08, 6.81702083671e-10]
        median: [9.70454578919e-08, 1.19620872283e-05, 3.24206339428e-05, 2.01242746698e-05, 4.01638681069e-05, 3.06979090965e-05, 2.41493653448e-05, 3.12259944621e-05, 4.0476792492e-05, 2.2005287974e-05, 2.36163868976e-05, 2.63764213742e-05, 3.55067895725e-05, 2.39908222284e-05, 3.28077076119e-05, 4.14630776504e-05, 5.59703112231e-05, 9.11851093406e-05, 7.30222454877e-05, 6.94111949997e-05, 4.72821848234e-05, 1.45248131957e-05, 2.29873921853e-06, 9.93725279841e-07, 4.52605661394e-07, 1.00174784023e-08, 1.67264868622e-10]
        min: [4.35328946242e-25, 2.62793903888e-24, 4.60607757291e-24, 2.13631757009e-24, 8.77506151774e-24, 1.00358324271e-23, 1.45838261716e-23, 8.77153530949e-24, 2.34180301691e-23, 2.52128827882e-23, 2.24403080745e-23, 4.01480881174e-23, 4.04745376926e-23, 5.14039120782e-23, 5.94957821867e-23, 6.40165294643e-23, 1.02385998142e-22, 1.18171262628e-22, 1.38437263366e-22, 2.18172875042e-22, 2.47577696838e-22, 3.61100057001e-22, 4.30537865798e-22, 7.07722029902e-22, 1.05421927443e-21, 1.32494129194e-21, 0]
        var: [4.67130132319e-13, 1.20792321923e-07, 5.39808446831e-08, 1.32381941853e-07, 7.60410827638e-08, 6.83875640561e-08, 3.7619670934e-08, 7.04271982954e-08, 1.1791058796e-07, 3.48599336064e-08, 3.09196792614e-08, 4.00010371493e-08, 3.45025519266e-08, 4.36274802951e-08, 3.43920660839e-08, 5.80093129088e-08, 6.04698513484e-08, 1.3833515311e-07, 2.48679668857e-07, 1.88490261621e-07, 7.84246694252e-08, 9.42123357106e-09, 2.79109790835e-10, 3.50393776494e-11, 8.5213424858e-12, 1.15240501129e-14, 2.23616367203e-18]
    frequency_bands:
        dmean: [2.83731026229e-07, 0.00014753852156, 0.000107678570203, 0.000138315648655, 0.000122103825561, 0.000101028148492, 7.68867321312e-05, 8.08028707979e-05, 0.000108154054033, 6.08589543845e-05, 5.52639212401e-05, 6.44040264888e-05, 7.62759227655e-05, 6.88924192218e-05, 7.1970425779e-05, 8.74132747413e-05, 0.000103590355138, 0.000152711349074, 0.000193197920453, 0.000170125174918, 0.000107587598905, 3.48647809005e-05, 5.92477226746e-06, 2.17492561205e-06, 1.03940249119e-06, 3.61719543207e-08, 4.74411399054e-10, 3.5331980397e-11]
        dmean2: [4.23232307867e-07, 0.000263004767476, 0.000182469040737, 0.000237357380684, 0.000202944283956, 0.000170352126588, 0.000130136846565, 0.000127684485051, 0.000171730367583, 9.55559589784e-05, 8.68283386808e-05, 0.00010283402662, 0.000124884856632, 0.000108411491965, 0.00011687073129, 0.000139146766742, 0.000168911137735, 0.000248692085734, 0.000313306198223, 0.000270760298008, 0.000165860328707, 5.05066127516e-05, 8.5779965957e-06, 3.04037052956e-06, 1.41935834108e-06, 5.05794197636e-08, 6.8239491835e-10, 6.5897787227e-11]
        dvar: [3.30687056514e-13, 1.834532668e-07, 5.05068626921e-08, 1.57244272714e-07, 6.21163707137e-08, 5.38865414512e-08, 3.71876893723e-08, 3.69155053193e-08, 5.51693517536e-08, 2.01357188701e-08, 1.36084912228e-08, 1.81851884662e-08, 2.12315178771e-08, 2.44077771328e-08, 1.80637123037e-08, 3.49357875962e-08, 4.0302385429e-08, 8.76267094441e-08, 1.47158061736e-07, 1.03997422229e-07, 3.80464371119e-08, 3.91415344581e-09, 1.23483487324e-10, 1.49136362981e-11, 3.65056292487e-12, 6.57411408297e-15, 1.20877681351e-18, 6.17093498681e-21]
        dvar2: [7.85210221496e-13, 5.07136064698e-07, 1.39081706152e-07, 4.46510085794e-07, 1.61660082654e-07, 1.42039382922e-07, 9.66715560935e-08, 8.42563707693e-08, 1.32026485744e-07, 4.50717045908e-08, 3.06688967555e-08, 4.38094858168e-08, 5.41078648553e-08, 5.30905417406e-08, 4.37715712565e-08, 8.05929403214e-08, 1.01364037164e-07, 2.25424471978e-07, 3.81694945872e-07, 2.73980703014e-07, 9.67072821823e-08, 8.38001401604e-09, 2.72373623655e-10, 3.0668620421e-11, 7.06696767078e-12, 1.42162570913e-14, 2.45342452107e-18, 2.03954175475e-20]
        max: [7.2284738053e-06, 0.00276085454971, 0.00317136989906, 0.00561480596662, 0.00356758688577, 0.00348056526855, 0.00352287827991, 0.00411141384393, 0.00548590486869, 0.00322354538366, 0.00276516960002, 0.00320764258504, 0.00287377461791, 0.00362470187247, 0.00258043897338, 0.00448481366038, 0.00342063908465, 0.00664926087484, 0.00586110027507, 0.00469368882477, 0.00307341432199, 0.0011117910035, 0.000170764280483, 8.77002603374e-05, 3.47522072843e-05, 1.35549487368e-06, 1.84766939526e-08, 1.52158463607e-09]
        mean: [4.03603280574e-07, 0.000115882823593, 0.0001372484694, 0.000141602737131, 0.000152673965204, 0.000121965909784, 8.6757070676e-05, 0.00011001148232, 0.000152666092617, 8.04468145361e-05, 8.32752339193e-05, 9.24062405829e-05, 0.000106143328594, 9.17596189538e-05, 9.85906663118e-05, 0.000125421764096, 0.000149979503476, 0.000228465345572, 0.000292750133667, 0.000269854994258, 0.000177071764483, 5.98931474087e-05, 1.01123550849e-05, 3.59434920938e-06, 1.70388943843e-06, 5.23222922766e-08, 6.81702083671e-10, 2.64516030607e-11]
        median: [9.70454578919e-08, 1.19620872283e-05, 3.24206339428e-05, 2.01242746698e-05, 4.01638681069e-05, 3.06979090965e-05, 2.41493653448e-05, 3.12259944621e-05, 4.0476792492e-05, 2.2005287974e-05, 2.36163868976e-05, 2.63764213742e-05, 3.55067895725e-05, 2.39908222284e-05, 3.28077076119e-05, 4.14630776504e-05, 5.59703112231e-05, 9.11851093406e-05, 7.30222454877e-05, 6.94111949997e-05, 4.72821848234e-05, 1.45248131957e-05, 2.29873921853e-06, 9.93725279841e-07, 4.52605661394e-07, 1.00174784023e-08, 1.67264868622e-10, 6.06033062275e-12]
        min: [4.35328946242e-25, 2.62793903888e-24, 4.60607757291e-24, 2.13631757009e-24, 8.77506151774e-24, 1.00358324271e-23, 1.45838261716e-23, 8.77153530949e-24, 2.34180301691e-23, 2.52128827882e-23, 2.24403080745e-23, 4.01480881174e-23, 4.04745376926e-23, 5.14039120782e-23, 5.94957821867e-23, 6.40165294643e-23, 1.02385998142e-22, 1.18171262628e-22, 1.38437263366e-22, 2.18172875042e-22, 2.47577696838e-22, 3.61100057001e-22, 4.30537865798e-22, 7.07722029902e-22, 1.05421927443e-21, 1.32494129194e-21, 2.09397702452e-21, 6.22117469796e-22]
        var: [4.67130132319e-13, 1.20792321923e-07, 5.39808446831e-08, 1.32381941853e-07, 7.60410827638e-08, 6.83875640561e-08, 3.7619670934e-08, 7.04271982954e-08, 1.1791058796e-07, 3.48599336064e-08, 3.09196792614e-08, 4.00010371493e-08, 3.45025519266e-08, 4.36274802951e-08, 3.43920660839e-08, 5.80093129088e-08, 6.04698513484e-08, 1.3833515311e-07, 2.48679668857e-07, 1.88490261621e-07, 7.84246694252e-08, 9.42123357106e-09, 2.79109790835e-10, 3.50393776494e-11, 8.5213424858e-12, 1.15240501129e-14, 2.23616367203e-18, 4.16724383758e-21]
    mfcc:
        mean: [-776.632629395, 84.6109771729, -46.7048072815, 38.6318283081, -17.7013568878, -1.51689243317, 0.366958141327, -5.30405139923, 0.193023890257, -5.06944322586, 0.0436885431409, -1.26229214668, -4.29079294205]
        cov: [[13861.8525391, 914.568664551, -1367.60388184, 1333.35681152, -529.192687988, 509.370300293, 199.932556152, 227.25982666, 91.5657043457, 30.5007457733, 73.5741271973, -24.5489959717, -7.81700229645], [914.568664551, 1722.06884766, -2.46124577522, 118.123908997, 193.548904419, -25.2335186005, 116.222312927, 47.4748649597, 18.2099723816, -4.87905979156, -5.36329698563, 12.8727617264, 11.6649179459], [-1367.60388184, -2.46124577522, 1258.87573242, 272.589294434, 303.067199707, 180.128234863, 90.4108352661, 92.1833114624, -4.91929292679, -33.1205177307, -62.4240913391, 4.65652132034, 20.9683914185], [1333.35681152, 118.123908997, 272.589294434, 593.737365723, 151.937164307, 159.54006958, 69.1476211548, 71.8222427368, 40.9386062622, 4.3365073204, -27.9367523193, 11.4500312805, 28.4318790436], [-529.192687988, 193.548904419, 303.067199707, 151.937164307, 403.396240234, 94.0366744995, 38.5593757629, 27.4491672516, 13.2427568436, 6.93905973434, -43.5768623352, 4.79528903961, 18.1384315491], [509.370300293, -25.2335186005, 180.128234863, 159.54006958, 94.0366744995, 277.004516602, 114.200119019, 80.8057937622, 37.2078742981, 24.0017299652, 22.7152004242, -1.93279099464, -2.69900774956], [199.932556152, 116.222312927, 90.4108352661, 69.1476211548, 38.5593757629, 114.200119019, 204.240737915, 117.409210205, 20.3281364441, 14.4367752075, 41.4667167664, 20.5985889435, 8.47595119476], [227.25982666, 47.4748649597, 92.1833114624, 71.8222427368, 27.4491672516, 80.8057937622, 117.409210205, 189.526855469, 54.0269889832, 18.9646263123, 43.7619590759, 27.3973712921, 18.4844722748], [91.5657043457, 18.2099723816, -4.91929292679, 40.9386062622, 13.2427568436, 37.2078742981, 20.3281364441, 54.0269889832, 145.167785645, 65.7945098877, 25.6657085419, 19.4819469452, 14.2975921631], [30.5007457733, -4.87905979156, -33.1205177307, 4.3365073204, 6.93905973434, 24.0017299652, 14.4367752075, 18.9646263123, 65.7945098877, 117.663841248, 59.9698562622, 16.9713878632, 11.3550510406], [73.5741271973, -5.36329698563, -62.4240913391, -27.9367523193, -43.5768623352, 22.7152004242, 41.4667167664, 43.7619590759, 25.6657085419, 59.9698562622, 130.7734375, 46.7024040222, 10.9744558334], [-24.5489959717, 12.8727617264, 4.65652132034, 11.4500312805, 4.79528903961, -1.93279099464, 20.5985889435, 27.3973712921, 19.4819469452, 16.9713878632, 46.7024040222, 103.480781555, 48.5241394043], [-7.81700229645, 11.6649179459, 20.9683914185, 28.4318790436, 18.1384315491, -2.69900774956, 8.47595119476, 18.4844722748, 14.2975921631, 11.3550510406, 10.9744558334, 48.5241394043, 87.2013778687]]
        icov: [[0.000187993151485, -0.000120054857689, 0.000291340023978, -0.000521770387422, 0.000380551471608, -0.000414406647906, 0.000164431257872, -0.000190895065316, 0.000163131189765, -2.63900456048e-05, 0.00010041880887, 1.4937180822e-05, 2.12171435123e-05], [-0.000120054857689, 0.000759479415137, -8.49906427902e-05, 0.000195884436835, -0.000658958160784, 0.000714776455425, -0.000716672337148, 0.000233503917116, -0.00025391462259, 0.000182992836926, -0.00015131472901, 5.63805297134e-05, 2.90386706183e-05], [0.000291340023978, -8.49906427902e-05, 0.00155250949319, -0.00102846114896, -6.85486666043e-05, -0.000946099113207, 0.000188517777133, -0.000658632197883, 0.00049175490858, 0.000145477126352, 0.000532540201675, -0.000111324785394, 1.11808560632e-06], [-0.000521770387422, 0.000195884436835, -0.00102846114896, 0.00372064881958, -0.00130779901519, 5.025145947e-05, -0.000268822856015, 0.000193713072804, -0.000720672600437, 6.04901179031e-05, 0.00043104524957, -0.000242232723394, -0.000589302100707], [0.000380551471608, -0.000658958160784, -6.85486666043e-05, -0.00130779901519, 0.00442527933046, -0.00170964712743, 0.000532934791408, -0.000378882366931, 0.000623896892648, -0.00118310342077, 0.00181231962051, -0.000545734539628, -0.000252376892604], [-0.000414406647906, 0.000714776455425, -0.000946099113207, 5.025145947e-05, -0.00170964712743, 0.00710475118831, -0.00323572102934, 0.000403619342251, -0.00120256934315, -3.96286304749e-05, -0.00128998432774, 0.00112176383846, 0.000623287225608], [0.000164431257872, -0.000716672337148, 0.000188517777133, -0.000268822856015, 0.000532934791408, -0.00323572102934, 0.00977398082614, -0.00494686607271, 0.00161392823793, -0.00019962945953, -0.0008332701982, -0.000572183751501, 0.000225145806326], [-0.000190895065316, 0.000233503917116, -0.000658632197883, 0.000193713072804, -0.000378882366931, 0.000403619342251, -0.00494686607271, 0.0100673744455, -0.00354239949957, 0.00205191108398, -0.00236445222981, 0.000134742251248, -0.00097881082911], [0.000163131189765, -0.00025391462259, 0.00049175490858, -0.000720672600437, 0.000623896892648, -0.00120256934315, 0.00161392823793, -0.00354239949957, 0.0111055085436, -0.00654302537441, 0.00240549095906, -0.00147711439058, 0.000142710036016], [-2.63900456048e-05, 0.000182992836926, 0.000145477126352, 6.04901179031e-05, -0.00118310342077, -3.96286304749e-05, -0.00019962945953, 0.00205191108398, -0.00654302537441, 0.0156047632918, -0.00745845912024, 0.00226622377522, -0.00153383275028], [0.00010041880887, -0.00015131472901, 0.000532540201675, 0.00043104524957, 0.00181231962051, -0.00128998432774, -0.0008332701982, -0.00236445222981, 0.00240549095906, -0.00745845912024, 0.0148184979334, -0.00625643692911, 0.00211927760392], [1.4937180822e-05, 5.63805297134e-05, -0.000111324785394, -0.000242232723394, -0.000545734539628, 0.00112176383846, -0.000572183751501, 0.000134742251248, -0.00147711439058, 0.00226622377522, -0.00625643692911, 0.0163357704878, -0.00808090437204], [2.12171435123e-05, 2.90386706183e-05, 1.11808560632e-06, -0.000589302100707, -0.000252376892604, 0.000623287225608, 0.000225145806326, -0.00097881082911, 0.000142710036016, -0.00153383275028, 0.00211927760392, -0.00808090437204, 0.0163213070482]]
    sccoeffs:
        dmean: [0.0551567748189, 0.0543952211738, 0.0447832755744, 0.0386917069554, 0.0260093249381, 0.0218753088266]
        dmean2: [0.0898518040776, 0.0865029841661, 0.0692228972912, 0.0593196153641, 0.0403535142541, 0.0340393073857]
        dvar: [0.00237354217097, 0.00223954673856, 0.00163231266197, 0.00130170560442, 0.000565686379559, 0.000485845521325]
        dvar2: [0.00605140672997, 0.00509502971545, 0.0033849212341, 0.00254407711327, 0.00119682820514, 0.00106026942376]
        max: [-0.310803502798, -0.345416873693, -0.353790134192, -0.446129530668, -0.528473675251, -0.591179847717]
        mean: [-0.699770629406, -0.749935984612, -0.782430529594, -0.78151512146, -0.798558235168, -0.758585989475]
        median: [-0.70604789257, -0.767716765404, -0.801805496216, -0.794516205788, -0.802262425423, -0.752394020557]
        min: [-0.976841151714, -0.981006383896, -0.975306510925, -0.96863335371, -0.966034531593, -0.964174747467]
        var: [0.00843799021095, 0.00960755627602, 0.00775848189369, 0.00557090435177, 0.0024923265446, 0.00259875971824]
    scvalleys:
        dmean: [0.567818760872, 0.537193715572, 0.488589167595, 0.476349502802, 0.43943297863, 0.423070847988]
        dmean2: [0.847240686417, 0.824370384216, 0.722075581551, 0.685443639755, 0.602110862732, 0.52493339777]
        dvar: [0.402590125799, 0.310323834419, 0.289356321096, 0.291439503431, 0.277654677629, 0.251060426235]
        dvar2: [0.676307082176, 0.610334455967, 0.55361443758, 0.551875531673, 0.521354734898, 0.444061338902]
        max: [-4.89211845398, -4.61002349854, -5.00281047821, -5.45363521576, -5.29414701462, -7.79309415817]
        mean: [-7.9919052124, -7.60933971405, -7.7520403862, -7.97557210922, -7.87159252167, -10.2208852768]
        median: [-7.43609428406, -7.24355649948, -7.40032863617, -7.62180233002, -7.57215929031, -9.9255771637]
        min: [-27.9994411469, -27.8418884277, -27.601934433, -27.5722084045, -27.4546489716, -27.3750991821]
        var: [4.15228223801, 3.01825499535, 2.98593735695, 2.93590736389, 3.10518264771, 2.74681305885]

rhythm:
    beats_loudness:
        dmean: 0.00393569190055
        dmean2: 0.00774286780506
        dvar: 4.91526543556e-06
        dvar2: 1.56260666699e-05
        max: 0.0143285430968
        mean: 0.0058791548945
        median: 0.00562697462738
        min: 1.25203710247e-11
        var: 1.06806755866e-05
    bpm: 115.04473877
    bpm_confidence: 0
    first_peak_bpm: 115
    first_peak_spread: 0.277013719082
    first_peak_weight: 0.710424721241
    onset_rate: 4.54082345963
    second_peak_bpm: 133
    second_peak_spread: 0.166666686535
    second_peak_weight: 0.00965250935405
    beats_loudness_band_ratio:
        dmean: [0.155239656568, 0.070703536272, 0.110699892044, 0.0810521543026, 0.095845066011, 0.177392020822]
        dmean2: [0.26910763979, 0.132184386253, 0.198244199157, 0.143115028739, 0.175415754318, 0.340214461088]
        dvar: [0.0155587913468, 0.00817435141653, 0.0136346928775, 0.0101043628529, 0.00773176085204, 0.0139118935913]
        dvar2: [0.0492601394653, 0.0262609086931, 0.0417644791305, 0.030289772898, 0.0251077637076, 0.0473817363381]
        max: [0.876410841942, 0.738974630833, 0.627035975456, 0.62669968605, 0.714792728424, 0.616550624371]
        mean: [0.303539097309, 0.0943156629801, 0.126854851842, 0.110781170428, 0.176967099309, 0.226582184434]
        median: [0.283491820097, 0.0755277574062, 0.0868486985564, 0.0889959782362, 0.164963662624, 0.227518767118]
        min: [0, 0, 0, 0, 0, 0]
        var: [0.0313834957778, 0.00579812424257, 0.0133223189041, 0.00964460149407, 0.00979159399867, 0.0184876751155]
    beats_position: [0.476009070873, 0.975238084793, 1.47446703911, 1.97369611263, 2.48453521729, 2.99537420273, 3.51782298088, 4.04027223587, 4.5627207756, 5.08516979218, 5.60761880875, 6.13006782532, 6.65251684189, 7.17496585846, 7.69741487503, 8.2198638916, 8.73070240021, 9.25315189362, 9.77560043335, 10.2980499268, 10.8204984665, 11.3429479599, 11.8653964996, 12.387845993, 12.9102945328, 13.4327430725, 13.9551925659, 14.4660310745, 14.9768705368, 15.4993190765, 16.0217685699, 16.5326080322, 17.0550556183, 17.5775051117, 18.088344574, 18.6224040985, 19.1332416534, 19.6556911469, 20.1781406403, 20.7121982574, 21.2230377197, 21.7454872131, 22.2679367065, 22.8019943237, 23.312833786, 23.8352832794, 24.3577327728, 24.8801803589, 25.3910198212, 25.9134693146, 26.4475269318, 26.9699764252, 27.4924259186, 28.0032653809, 28.5257129669, 29.0481624603, 29.5706119537, 30.0930614471, 30.6155090332, 31.1379585266, 31.66040802, 32.1828575134, 32.7053070068, 33.2277526855, 33.750202179, 34.2726516724, 34.7951011658, 35.3175506592, 35.8400001526, 36.362449646, 36.8848991394, 37.4073448181, 37.9297943115, 38.4522438049, 38.9746932983, 39.4971427917, 40.0079803467, 40.5304298401, 41.0528793335, 41.5753288269, 42.0977783203, 42.6202278137, 43.1426734924, 43.6767349243, 44.1875724792, 44.6984100342, 45.2208595276, 45.743309021, 46.2657585144, 46.7882080078, 47.3106575012, 47.8331069946, 48.355556488, 48.8780021667, 49.4004516602, 49.9229011536, 50.445350647, 50.9678001404, 51.4902496338, 52.0126991272, 52.5351448059, 53.0575942993, 53.5800437927, 54.1024932861, 54.6133308411, 55.1357803345, 55.6582298279, 56.1806793213, 56.7031288147, 57.2255783081, 57.7480278015, 58.2704734802, 58.7929229736, 59.315372467, 59.8378219604, 60.3602714539, 60.8827209473, 61.4051704407, 61.9276161194, 62.4500656128, 62.9725151062, 63.4833564758, 64.0058059692, 64.5282516479, 65.0623092651, 65.5847625732, 66.1188201904, 66.6412658691, 67.1521072388, 67.6629486084, 68.1853942871, 68.7078475952, 69.2302932739, 69.7527389526, 70.2635803223, 70.7976379395, 71.3200912476, 71.8425369263, 72.3533782959, 72.8874359131, 73.3982772827, 73.9207229614, 74.4431762695, 74.9772338867, 75.4996795654, 76.0105209351, 76.5329666138, 77.0670318604, 77.5778656006, 78.0887069702, 78.6111526489, 79.133605957, 79.6560516357, 80.1785049438, 80.7009506226, 81.2233963013, 81.7458496094, 82.2682952881, 82.7907485962, 83.3131942749, 83.835647583, 84.3580932617, 84.8805389404, 85.4029922485, 85.9254379272, 86.4478912354, 86.9587249756, 87.4927902222, 88.0152359009, 88.537689209, 89.0485229492, 89.5709762573, 90.093421936, 90.6158676147, 91.1383209229, 91.67237854, 92.1832199097, 92.7056655884, 93.2281188965, 93.7505645752, 94.2730178833, 94.7838516235, 95.3063049316, 95.8287506104, 96.3511962891, 96.8736495972, 97.3960952759, 97.918548584, 98.4409942627, 98.9634475708, 99.4858932495, 100.008346558, 100.530792236, 101.053237915, 101.575691223, 102.098136902, 102.62059021, 103.143035889, 103.665489197, 104.187934875, 104.710380554, 105.232833862, 105.755279541, 106.277732849, 106.788566589, 107.322631836, 107.845077515, 108.367523193, 108.878364563, 109.400817871, 109.92326355, 110.457321167, 110.968162537, 111.479003906, 112.013061523, 112.535507202, 113.05796051, 113.56879425, 114.102851868, 114.625305176, 115.147750854, 115.658592224, 116.181037903, 116.703491211, 117.22593689, 117.748390198, 118.270835876, 118.793289185, 119.315734863, 119.838180542, 120.36063385, 120.883079529, 121.405532837, 121.927978516, 122.450431824, 122.972877502, 123.483718872, 124.006164551, 124.528617859, 125.062675476, 125.573509216, 126.095962524, 126.618408203, 127.140861511, 127.66330719, 128.185760498, 128.708206177, 129.219039917, 129.741500854, 130.263946533, 130.786392212, 131.308837891, 131.831283569, 132.353744507, 132.876190186, 133.398635864, 133.921081543, 134.44354248, 134.965988159, 135.488433838, 136.010879517, 136.533325195, 137.044174194, 137.578231812, 138.10067749, 138.623123169, 139.145568848, 139.668029785, 140.178863525, 140.712921143, 141.24697876, 141.781036377, 142.291885376, 142.802719116, 143.325164795, 143.847610474, 144.358459473, 144.880905151, 145.40335083, 145.937408447, 146.448257446, 146.959091187, 147.481536865, 148.003982544, 148.526443481, 149.04888916, 149.582946777, 150.105392456, 150.627838135, 151.138687134, 151.661132812, 152.183578491, 152.70602417, 153.228485107, 153.739318848, 154.273376465, 154.795822144, 155.318267822, 155.829116821, 156.363174438, 156.885620117, 157.408065796, 157.930511475, 158.452972412, 158.963806152, 159.486251831, 160.00869751, 160.542770386, 161.053604126, 161.564437866, 162.086883545, 162.609344482, 163.131790161, 163.65423584, 164.176681519, 164.699142456, 165.233200073, 165.744033813, 166.278091431, 166.800537109, 167.322982788, 167.833831787, 168.356277466, 168.878723145, 169.401168823, 169.923629761, 170.446075439, 170.968521118, 171.479354858, 172.001815796, 172.524261475, 173.046707153, 173.569152832, 174.09161377, 174.614059448, 175.148117065, 175.658950806, 176.181396484, 176.703857422, 177.237915039, 177.748748779, 178.25958252, 178.782043457, 179.304489136, 179.826934814, 180.349380493, 180.871826172, 181.405899048, 181.928344727, 182.439178467, 182.961624146, 183.484085083, 184.006530762, 184.52897644, 185.039810181, 185.573867798, 186.096328735, 186.618774414, 187.129608154, 187.663665771, 188.18611145, 188.708572388, 189.219406128, 189.753463745, 190.275909424, 190.798370361, 191.309204102, 191.83164978, 192.354095459, 192.876556396, 193.399002075, 193.933059692, 194.443893433, 194.966339111, 195.488800049, 196.011245728, 196.533691406, 197.056137085, 197.578598022, 198.101043701, 198.62348938, 199.13432312, 199.645172119, 200.179229736, 200.701675415, 201.224121094, 201.746566772, 202.26902771, 202.791473389, 203.313919067, 203.824752808, 204.358810425, 204.881271362, 205.403717041, 205.914550781, 206.448608398, 206.959457397, 207.493515015, 208.015960693, 208.538406372, 209.060852051, 209.583312988, 210.105758667, 210.628204346, 211.139038086, 211.661499023, 212.183944702, 212.718002319, 213.22883606, 213.739685059, 214.273742676, 214.807800293, 215.318634033, 215.829467773, 216.351928711, 216.87437439, 217.396820068, 217.919265747, 218.441726685, 218.964172363, 219.486618042, 220.009063721, 220.531509399, 221.053970337, 221.576416016, 222.098861694, 222.609695435, 223.143753052, 223.666213989, 224.188659668, 224.711105347, 225.233551025, 225.744400024, 226.266845703, 226.789291382, 227.323348999, 227.834197998, 228.345031738, 228.879089355, 229.413146973, 229.923980713, 230.44644165, 230.968887329, 231.491333008, 232.013778687, 232.524627686, 233.058685303, 233.569519043, 234.091964722, 234.6144104, 235.136871338, 235.659317017, 236.181762695, 236.704208374, 237.226669312, 237.74911499, 238.271560669, 238.794006348, 239.316452026, 239.838912964, 240.361358643, 240.883804321, 241.40625, 241.928695679, 242.451156616, 242.973602295, 243.496047974, 244.018493652, 244.54095459, 245.063400269, 245.585845947, 246.108291626, 246.630737305, 247.153198242, 247.664031982, 248.186477661, 248.70892334, 249.219772339, 249.753829956, 250.287887573, 250.798721313, 251.309570312, 251.832015991, 252.35446167, 252.876907349, 253.399353027, 253.921813965, 254.444259644, 254.966705322, 255.489151001, 256.01159668, 256.534057617, 257.044891357, 257.578948975, 258.089782715, 258.623840332, 259.14630127, 259.668762207, 260.191192627, 260.713653564, 261.236083984, 261.758544922, 262.281005859, 262.803436279, 263.325897217, 263.848327637, 264.370788574, 264.893249512, 265.404083252, 265.926513672, 266.448974609, 266.95980835, 267.47064209, 267.911834717, 268.364624023, 268.81741333, 269.270202637, 269.722991943, 270.17578125]
