
metadata:
    version:
        essentia: "2.1-beta2"
    audio_properties:
        analysis_sample_rate: 44100
        bitrate: 192
        channels: 2
        equal_loudness: 1
        length: 234.893066406
        replay_gain: -14.4572162628
        downmix: "mix"
    tags:
        album: "XSCAPE (Deluxe Edition)"
        artist: "Michael Jackson"
        comment: ""
        date: "2014"
        genre: "Dance"
        title: "Love Never Felt So Good"
        tracknumber: "01"

configuration:
    average_loudness:
        compute: 1
        frameSize: 88200
        hopSize: 44100
        silentFrames: "noise"
        windowType: "hann"
    general:
        analysisSampleRate: 44100
        endTime: 2000
        equalLoudness: 1
        nequalLoudness: 0
        shortSound: 0
        startTime: 0
    lowlevel:
        compute: 1
        frameSize: 2048
        hopSize: 1024
        zeroPadding: 0
        silentFrames: "noise"
        windowType: "blackmanharris62"
        mfccStats: ["mean", "cov", "icov"]
        stats: ["mean", "var", "median", "min", "max", "dmean", "dmean2", "dvar", "dvar2"]
    panning:
        compute: 0
        frameSize: 8192
        hopSize: 2048
        zeroPadding: 8192
        silentFrames: "noise"
        windowType: "hann"
        stats: ["copy"]
    rhythm:
        compute: 1
        maxTempo: 208
        minTempo: 40
        method: "degara"
        stats: ["mean", "var", "median", "min", "max", "dmean", "dmean2", "dvar", "dvar2"]
    segmentation:
        compute: 0
        cpw: 5
        inc1: 300
        inc2: 50
        minimumSegmentsLength: 10
        size1: 1000
        size2: 600
    sfx:
        compute: 1
        stats: ["mean", "var", "median", "min", "max", "dmean", "dmean2", "dvar", "dvar2"]
    svm:
        compute: 0
    tonal:
        compute: 1
        frameSize: 4096
        hopSize: 2048
        zeroPadding: 0
        silentFrames: "noise"
        windowType: "blackmanharris62"
        stats: ["mean", "var", "median", "min", "max", "dmean", "dmean2", "dvar", "dvar2"]

lowlevel:
    average_loudness: 0.909281909466
    barkbands_kurtosis:
        dmean: 2.00832796097
        dmean2: 3.17272996902
        dvar: 12.6795558929
        dvar2: 29.2607536316
        max: 120.898254395
        mean: 2.9825334549
        median: 1.0859618187
        min: -1.79562532902
        var: 44.335144043
    barkbands_skewness:
        dmean: 0.454056143761
        dmean2: 0.694415032864
        dvar: 0.218286067247
        dvar2: 0.501486778259
        max: 9.21632385254
        mean: 1.25124359131
        median: 1.14088201523
        min: -3.07150268555
        var: 1.13252234459
    barkbands_spread:
        dmean: 4.20395326614
        dmean2: 6.40497636795
        dvar: 23.190618515
        dvar2: 49.843460083
        max: 93.0756988525
        mean: 18.4718132019
        median: 16.8664493561
        min: 0.852609336376
        var: 105.244651794
    dissonance:
        dmean: 0.0264260061085
        dmean2: 0.0442898385227
        dvar: 0.00062372838147
        dvar2: 0.00171121628955
        max: 0.500000059605
        mean: 0.446882218122
        median: 0.455851525068
        min: 0.205506056547
        var: 0.00149476632942
    hfc:
        dmean: 1.0916031599
        dmean2: 1.60676145554
        dvar: 3.36157751083
        dvar2: 7.08440065384
        max: 30.087392807
        mean: 3.34770917892
        median: 2.22942090034
        min: 1.10736382521e-16
        var: 11.4137821198
    pitch:
        dmean: 150.989624023
        dmean2: 287.195129395
        dvar: 240642.5
        dvar2: 648234.625
        max: 7225.55761719
        mean: 328.898101807
        median: 237.766281128
        min: 49.0905799866
        var: 219236.3125
    pitch_instantaneous_confidence:
        dmean: 0.0887792184949
        dmean2: 0.139769643545
        dvar: 0.00764348963276
        dvar2: 0.0159253496677
        max: 0.951417088509
        mean: 0.486189574003
        median: 0.452111721039
        min: 0.0905739068985
        var: 0.0410069860518
    pitch_salience:
        dmean: 0.065714918077
        dmean2: 0.105892136693
        dvar: 0.00357309705578
        dvar2: 0.00875170901418
        max: 0.911880970001
        mean: 0.590263485909
        median: 0.606451630592
        min: 0.0776421129704
        var: 0.014279525727
    silence_rate_20dB:
        dmean: 0
        dmean2: 0
        dvar: 0
        dvar2: 0
        max: 1
        mean: 1
        median: 1
        min: 1
        var: 0
    silence_rate_30dB:
        dmean: 0
        dmean2: 0
        dvar: 0
        dvar2: 0
        max: 1
        mean: 1
        median: 1
        min: 1
        var: 0
    silence_rate_60dB:
        dmean: 0.106168448925
        dmean2: 0.212357878685
        dvar: 0.0949031189084
        dvar2: 0.193343281746
        max: 1
        mean: 0.507067322731
        median: 1
        min: 0
        var: 0.249943867326
    spectral_centroid:
        dmean: 159.868133545
        dmean2: 243.85345459
        dvar: 49571.9335938
        dvar2: 96513.8125
        max: 11659.0253906
        mean: 902.496887207
        median: 779.532714844
        min: 154.871658325
        var: 560679.75
    spectral_complexity:
        dmean: 2.21292996407
        dmean2: 3.47938704491
        dvar: 8.65447807312
        dvar2: 17.596113205
        max: 49
        mean: 8.33073043823
        median: 7
        min: 0
        var: 33.9417724609
    spectral_crest:
        dmean: 2.45694231987
        dmean2: 3.98680400848
        dvar: 5.42994117737
        dvar2: 13.2308139801
        max: 26.1024951935
        mean: 9.45315647125
        median: 8.48743152618
        min: 2.13486933708
        var: 18.841758728
    spectral_decrease:
        dmean: 3.23884363773e-10
        dmean2: 4.89642437707e-10
        dvar: 2.50484144756e-19
        dvar2: 5.68358487222e-19
        max: 1.37677533561e-28
        mean: -9.22506571133e-10
        median: -7.3597289374e-10
        min: -5.81121684107e-09
        var: 5.73041415164e-19
    spectral_energy:
        dmean: 0.00130204006564
        dmean2: 0.00196296675131
        dvar: 3.9866113184e-06
        dvar2: 8.95291941561e-06
        max: 0.0238469112664
        mean: 0.0037854029797
        median: 0.00301043689251
        min: 1.0270205823e-20
        var: 9.64885111898e-06
    spectral_energyband_high:
        dmean: 4.65294397145e-05
        dmean2: 6.28126363154e-05
        dvar: 9.15950160163e-09
        dvar2: 1.70962266566e-08
        max: 0.00184278970119
        mean: 9.28881709115e-05
        median: 3.26733388647e-05
        min: 7.061661892e-21
        var: 2.42070203882e-08
    spectral_energyband_low:
        dmean: 0.000311982876156
        dmean2: 0.000468708429253
        dvar: 7.67445840211e-07
        dvar2: 1.67825612607e-06
        max: 0.0116140116006
        mean: 0.000455092464108
        median: 0.000232517151744
        min: 1.60788753591e-23
        var: 9.4274366802e-07
    spectral_energyband_middle_high:
        dmean: 0.000435990194092
        dmean2: 0.000668362830766
        dvar: 6.10453412264e-07
        dvar2: 1.44389480283e-06
        max: 0.0116726374254
        mean: 0.00114683678839
        median: 0.000564563379157
        min: 1.3208976793e-21
        var: 2.16501530304e-06
    spectral_energyband_middle_low:
        dmean: 0.000970658031292
        dmean2: 0.00154642213602
        dvar: 2.57913598034e-06
        dvar2: 6.38561687083e-06
        max: 0.0168872196227
        mean: 0.00224271020852
        median: 0.00167392508592
        min: 1.65829707304e-22
        var: 4.36032496509e-06
    spectral_flatness_db:
        dmean: 0.0183838792145
        dmean2: 0.027586473152
        dvar: 0.000310636445647
        dvar2: 0.000674169277772
        max: 0.409882932901
        mean: 0.158779457211
        median: 0.152997925878
        min: 0.0400270335376
        var: 0.00268763210624
    spectral_flux:
        dmean: 0.0101260608062
        dmean2: 0.0159111246467
        dvar: 0.000158396491315
        dvar2: 0.000354410381988
        max: 0.122110068798
        mean: 0.0321340039372
        median: 0.0269008241594
        min: 6.53703757791e-11
        var: 0.000439617666416
    spectral_kurtosis:
        dmean: 1.7542091608
        dmean2: 2.67172932625
        dvar: 4.64401340485
        dvar2: 11.5389280319
        max: 68.6877441406
        mean: 6.40174150467
        median: 5.55272197723
        min: -1.29788780212
        var: 20.7942714691
    spectral_rms:
        dmean: 0.00029503821861
        dmean2: 0.00043409288628
        dvar: 1.45387815564e-07
        dvar2: 3.01251930068e-07
        max: 0.00482340948656
        mean: 0.0017514914507
        median: 0.0017137711402
        min: 3.16539307786e-12
        var: 6.25335474069e-07
    spectral_rolloff:
        dmean: 386.826202393
        dmean2: 632.68951416
        dvar: 349233.15625
        dvar2: 739665.4375
        max: 19422.9492188
        mean: 1587.2557373
        median: 1313.52539062
        min: 150.732421875
        var: 2095694.5
    spectral_skewness:
        dmean: 0.23374992609
        dmean2: 0.342504322529
        dvar: 0.0544077083468
        dvar2: 0.1148372069
        max: 6.49457073212
        mean: 2.0704498291
        median: 2.05563569069
        min: -0.0973378792405
        var: 0.358967483044
    spectral_spread:
        dmean: 830399.75
        dmean2: 1146557.875
        dvar: 1.28334089421e+12
        dvar2: 2.32451001549e+12
        max: 46427596
        mean: 5678050.5
        median: 5207652
        min: 1243142.75
        var: 9.35956001587e+12
    spectral_strongpeak:
        dmean: 0.241866365075
        dmean2: 0.395877063274
        dvar: 0.129944577813
        dvar2: 0.314143747091
        max: 5.49778556824
        mean: 0.513402402401
        median: 0.30496057868
        min: 2.42367462905e-11
        var: 0.331564098597
    zerocrossingrate:
        dmean: 0.00741071533412
        dmean2: 0.00857820641249
        dvar: 7.34966160962e-05
        dvar2: 7.85823140177e-05
        max: 0.51953125
        mean: 0.0563716031611
        median: 0.05078125
        min: 0.00732421875
        var: 0.00135351822246
    barkbands:
        dmean: [8.43523253025e-07, 8.06262978585e-05, 0.000189788668649, 0.000175135355676, 0.000352130911779, 0.000205962540349, 0.00026333463029, 0.000234007500694, 0.000164909070008, 0.000181642273674, 7.82203860581e-05, 6.67740387144e-05, 5.5117172451e-05, 4.19198113377e-05, 5.91420321143e-05, 8.94742988748e-05, 8.45703616505e-05, 4.33641835116e-05, 3.18092461384e-05, 2.33424834732e-05, 1.89937363757e-05, 1.20550403153e-05, 5.56063378099e-06, 3.0536725717e-06, 1.72730415215e-06, 1.84187641139e-07, 3.42594397296e-09]
        dmean2: [1.18847731301e-06, 0.000127660809085, 0.000293567893095, 0.00029826987884, 0.000600255036261, 0.000330821843818, 0.000420196302002, 0.000369590939954, 0.000267139839707, 0.000290365947876, 0.000121246841445, 0.000105004939542, 8.99412261788e-05, 6.71432644594e-05, 9.68973909039e-05, 0.000146452148329, 0.00014092407946, 6.9160341809e-05, 5.03176415805e-05, 3.55832053174e-05, 2.73871464742e-05, 1.70641196746e-05, 7.9875380834e-06, 4.28872635894e-06, 2.49914501183e-06, 2.76946138911e-07, 5.2644213433e-09]
        dvar: [2.46313017725e-12, 4.05628206579e-08, 3.46943039631e-07, 2.57739344534e-07, 5.75140120418e-07, 1.48565192148e-07, 3.2026261465e-07, 4.4692185952e-07, 1.97343098307e-07, 2.75749215461e-07, 5.75920999779e-08, 3.25110960375e-08, 1.72649397001e-08, 1.26942634182e-08, 1.5686849153e-08, 3.87250267408e-08, 6.97596789223e-08, 8.74420180708e-09, 4.24019219736e-09, 3.43206285613e-09, 1.78721315525e-09, 7.32077065635e-10, 1.40700354145e-10, 6.33778307613e-11, 1.70678540745e-11, 2.97493339642e-13, 5.7221462953e-17]
        dvar2: [4.69745856796e-12, 9.26177676774e-08, 7.98312214556e-07, 6.69677717724e-07, 1.5784602283e-06, 3.63958434946e-07, 7.63695823025e-07, 1.04905848275e-06, 5.02277146097e-07, 6.81681342485e-07, 1.19368920082e-07, 7.37799794592e-08, 4.31692761538e-08, 2.74678129131e-08, 3.95551715826e-08, 9.94670941168e-08, 1.87498500281e-07, 2.06024655114e-08, 9.79934178247e-09, 7.658568002e-09, 3.69472585859e-09, 1.54180201939e-09, 2.90494572841e-10, 1.30043323332e-10, 3.29084225148e-11, 7.57097834946e-13, 1.31786415192e-16]
        max: [2.3262706236e-05, 0.00281950877979, 0.00691728899255, 0.0131901726127, 0.010918607004, 0.00709069240838, 0.00833408627659, 0.0117285372689, 0.0102840643376, 0.00998650118709, 0.0056746294722, 0.00373366451822, 0.00400232989341, 0.00488983234391, 0.00369770894758, 0.00429525086656, 0.00391925405711, 0.00216420926154, 0.00148932810407, 0.00135663512629, 0.000692204514053, 0.000471978302812, 0.000289946183329, 0.000305807567202, 5.9958165366e-05, 5.98230644755e-06, 1.35142244062e-07]
        mean: [1.326128654e-06, 0.000118795513117, 0.000223792303586, 0.000216448184801, 0.000536928593647, 0.000364017178072, 0.000396719668061, 0.000401133060222, 0.000250164972385, 0.000312210060656, 0.000124945654534, 9.83018398983e-05, 8.88149443199e-05, 6.97746654623e-05, 9.53536873567e-05, 0.000134283633088, 0.00011403010285, 7.33469787519e-05, 5.4852811445e-05, 3.90580753447e-05, 3.15105062327e-05, 2.05746546271e-05, 1.09343218355e-05, 5.11131656822e-06, 2.7665403195e-06, 1.99201451778e-07, 4.12705647435e-09]
        median: [2.52693041602e-07, 4.65958000859e-05, 6.93494584993e-05, 8.39703207021e-05, 0.00028837370337, 0.00017637424753, 0.000125637568999, 0.000106080347905, 8.18629268906e-05, 5.97036996624e-05, 3.68632208847e-05, 3.30110815412e-05, 3.52328133886e-05, 2.84069028567e-05, 3.85810890293e-05, 3.45738990291e-05, 3.12873453368e-05, 2.4140746973e-05, 2.16907883441e-05, 1.29837153509e-05, 8.57626218931e-06, 5.80026517127e-06, 3.52805955117e-06, 1.08254653242e-06, 4.84840711579e-07, 1.58889896795e-08, 1.03686015329e-09]
        min: [4.67847271869e-25, 5.24492198308e-24, 2.39785750068e-24, 1.14776342924e-24, 9.96687888423e-24, 1.48715963189e-23, 3.97910828038e-24, 1.14981146993e-23, 1.76038697067e-23, 1.86096468504e-23, 2.37112182131e-23, 2.74267814757e-23, 2.83684920699e-23, 3.96576596035e-23, 4.51619965231e-23, 4.98026506583e-23, 8.99014286582e-23, 9.50906124908e-23, 1.52438156039e-22, 1.81654610473e-22, 2.50754471258e-22, 3.65400245081e-22, 4.3403793435e-22, 6.31422292433e-22, 8.94845137766e-22, 1.39544258622e-21, 1.91369446404e-21]
        var: [6.53039211249e-12, 5.41146114585e-08, 3.56003027946e-07, 2.33389187088e-07, 6.07647564266e-07, 2.71694233334e-07, 5.72950966671e-07, 1.03801903606e-06, 3.20784295127e-07, 7.16867305073e-07, 1.32782830065e-07, 6.29196179602e-08, 3.46360913284e-08, 3.16729007466e-08, 2.91004873532e-08, 7.0448123779e-08, 7.93719792114e-08, 1.78493735348e-08, 8.97676244449e-09, 6.10056005712e-09, 3.82421871947e-09, 1.54035018074e-09, 3.68862884681e-10, 1.30603056148e-10, 3.59838062125e-11, 2.98332430808e-13, 7.04958059603e-17]
    frequency_bands:
        dmean: [8.43523253025e-07, 8.06262978585e-05, 0.000189788668649, 0.000175135355676, 0.000352130911779, 0.000205962540349, 0.00026333463029, 0.000234007500694, 0.000164909070008, 0.000181642273674, 7.82203860581e-05, 6.67740387144e-05, 5.5117172451e-05, 4.19198113377e-05, 5.91420321143e-05, 8.94742988748e-05, 8.45703616505e-05, 4.33641835116e-05, 3.18092461384e-05, 2.33424834732e-05, 1.89937363757e-05, 1.20550403153e-05, 5.56063378099e-06, 3.0536725717e-06, 1.72730415215e-06, 1.84187641139e-07, 3.42594397296e-09, 4.17428869248e-11]
        dmean2: [1.18847731301e-06, 0.000127660809085, 0.000293567893095, 0.00029826987884, 0.000600255036261, 0.000330821843818, 0.000420196302002, 0.000369590939954, 0.000267139839707, 0.000290365947876, 0.000121246841445, 0.000105004939542, 8.99412261788e-05, 6.71432644594e-05, 9.68973909039e-05, 0.000146452148329, 0.00014092407946, 6.9160341809e-05, 5.03176415805e-05, 3.55832053174e-05, 2.73871464742e-05, 1.70641196746e-05, 7.9875380834e-06, 4.28872635894e-06, 2.49914501183e-06, 2.76946138911e-07, 5.2644213433e-09, 7.72721539533e-11]
        dvar: [2.46313017725e-12, 4.05628206579e-08, 3.46943039631e-07, 2.57739344534e-07, 5.75140120418e-07, 1.48565192148e-07, 3.2026261465e-07, 4.4692185952e-07, 1.97343098307e-07, 2.75749215461e-07, 5.75920999779e-08, 3.25110960375e-08, 1.72649397001e-08, 1.26942634182e-08, 1.5686849153e-08, 3.87250267408e-08, 6.97596789223e-08, 8.74420180708e-09, 4.24019219736e-09, 3.43206285613e-09, 1.78721315525e-09, 7.32077065635e-10, 1.40700354145e-10, 6.33778307613e-11, 1.70678540745e-11, 2.97493339642e-13, 5.7221462953e-17, 4.24644516954e-21]
        dvar2: [4.69745856796e-12, 9.26177676774e-08, 7.98312214556e-07, 6.69677717724e-07, 1.5784602283e-06, 3.63958434946e-07, 7.63695823025e-07, 1.04905848275e-06, 5.02277146097e-07, 6.81681342485e-07, 1.19368920082e-07, 7.37799794592e-08, 4.31692761538e-08, 2.74678129131e-08, 3.95551715826e-08, 9.94670941168e-08, 1.87498500281e-07, 2.06024655114e-08, 9.79934178247e-09, 7.658568002e-09, 3.69472585859e-09, 1.54180201939e-09, 2.90494572841e-10, 1.30043323332e-10, 3.29084225148e-11, 7.57097834946e-13, 1.31786415192e-16, 1.33596430159e-20]
        max: [2.3262706236e-05, 0.00281950877979, 0.00691728899255, 0.0131901726127, 0.010918607004, 0.00709069240838, 0.00833408627659, 0.0117285372689, 0.0102840643376, 0.00998650118709, 0.0056746294722, 0.00373366451822, 0.00400232989341, 0.00488983234391, 0.00369770894758, 0.00429525086656, 0.00391925405711, 0.00216420926154, 0.00148932810407, 0.00135663512629, 0.000692204514053, 0.000471978302812, 0.000289946183329, 0.000305807567202, 5.9958165366e-05, 5.98230644755e-06, 1.35142244062e-07, 8.06692213029e-10]
        mean: [1.326128654e-06, 0.000118795513117, 0.000223792303586, 0.000216448184801, 0.000536928593647, 0.000364017178072, 0.000396719668061, 0.000401133060222, 0.000250164972385, 0.000312210060656, 0.000124945654534, 9.83018398983e-05, 8.88149443199e-05, 6.97746654623e-05, 9.53536873567e-05, 0.000134283633088, 0.00011403010285, 7.33469787519e-05, 5.4852811445e-05, 3.90580753447e-05, 3.15105062327e-05, 2.05746546271e-05, 1.09343218355e-05, 5.11131656822e-06, 2.7665403195e-06, 1.99201451778e-07, 4.12705647435e-09, 3.21587825813e-11]
        median: [2.52693041602e-07, 4.65958000859e-05, 6.93494584993e-05, 8.39703207021e-05, 0.00028837370337, 0.00017637424753, 0.000125637568999, 0.000106080347905, 8.18629268906e-05, 5.97036996624e-05, 3.68632208847e-05, 3.30110815412e-05, 3.52328133886e-05, 2.84069028567e-05, 3.85810890293e-05, 3.45738990291e-05, 3.12873453368e-05, 2.4140746973e-05, 2.16907883441e-05, 1.29837153509e-05, 8.57626218931e-06, 5.80026517127e-06, 3.52805955117e-06, 1.08254653242e-06, 4.84840711579e-07, 1.58889896795e-08, 1.03686015329e-09, 9.91351098434e-12]
        min: [4.67847271869e-25, 5.24492198308e-24, 2.39785750068e-24, 1.14776342924e-24, 9.96687888423e-24, 1.48715963189e-23, 3.97910828038e-24, 1.14981146993e-23, 1.76038697067e-23, 1.86096468504e-23, 2.37112182131e-23, 2.74267814757e-23, 2.83684920699e-23, 3.96576596035e-23, 4.51619965231e-23, 4.98026506583e-23, 8.99014286582e-23, 9.50906124908e-23, 1.52438156039e-22, 1.81654610473e-22, 2.50754471258e-22, 3.65400245081e-22, 4.3403793435e-22, 6.31422292433e-22, 8.94845137766e-22, 1.39544258622e-21, 1.91369446404e-21, 5.68959604382e-22]
        var: [6.53039211249e-12, 5.41146114585e-08, 3.56003027946e-07, 2.33389187088e-07, 6.07647564266e-07, 2.71694233334e-07, 5.72950966671e-07, 1.03801903606e-06, 3.20784295127e-07, 7.16867305073e-07, 1.32782830065e-07, 6.29196179602e-08, 3.46360913284e-08, 3.16729007466e-08, 2.91004873532e-08, 7.0448123779e-08, 7.93719792114e-08, 1.78493735348e-08, 8.97676244449e-09, 6.10056005712e-09, 3.82421871947e-09, 1.54035018074e-09, 3.68862884681e-10, 1.30603056148e-10, 3.59838062125e-11, 2.98332430808e-13, 7.04958059603e-17, 3.39685192057e-21]
    mfcc:
        mean: [-754.888916016, 132.306472778, -23.4648666382, 21.1100406647, -9.37629318237, -4.95830106735, -13.4946651459, -3.69282913208, -5.07797718048, -5.29136705399, -4.78680706024, -5.3611779213, -3.35142731667]
        cov: [[6709.6953125, -246.584915161, -280.089050293, 223.306762695, -114.655754089, 323.967468262, -116.57043457, 239.643951416, 176.135665894, -25.7569160461, 72.5411376953, 102.347427368, 74.7487487793], [-246.584915161, 990.532897949, -131.736633301, 72.9881896973, -22.0424137115, -29.6697463989, 71.1330947876, -60.9734191895, -24.4484539032, 37.5374679565, 16.0616836548, -8.91191005707, 21.3002052307], [-280.089050293, -131.736633301, 518.041503906, -121.135627747, 112.106452942, 50.7917327881, -42.3159828186, 50.2222938538, -30.4690704346, 5.37531137466, 44.8005867004, 13.2263183594, -5.62610721588], [223.306762695, 72.9881896973, -121.135627747, 378.408111572, 68.4194564819, -11.3704872131, 54.5575866699, -17.3636169434, 62.0345001221, -12.0398073196, -16.2630996704, 31.3542537689, 25.5715198517], [-114.655754089, -22.0424137115, 112.106452942, 68.4194564819, 223.691299438, 34.0446739197, 47.8294219971, 30.6167850494, 38.1663551331, 13.6001138687, 10.2751579285, 16.8166217804, 20.471452713], [323.967468262, -29.6697463989, 50.7917327881, -11.3704872131, 34.0446739197, 205.419509888, 40.8133583069, 60.3650360107, 30.7886238098, 30.4068393707, 55.7184829712, 20.661901474, 16.6223735809], [-116.57043457, 71.1330947876, -42.3159828186, 54.5575866699, 47.8294219971, 40.8133583069, 158.431304932, 22.5200176239, 38.4599609375, 29.0115718842, 17.2348423004, 11.7075004578, 18.4053688049], [239.643951416, -60.9734191895, 50.2222938538, -17.3636169434, 30.6167850494, 60.3650360107, 22.5200176239, 123.68384552, 46.504196167, 16.2089920044, 21.8916301727, 19.4359607697, 18.5259056091], [176.135665894, -24.4484539032, -30.4690704346, 62.0345001221, 38.1663551331, 30.7886238098, 38.4599609375, 46.504196167, 114.073043823, 31.3070659637, 12.1662368774, 18.290058136, 16.4568748474], [-25.7569160461, 37.5374679565, 5.37531137466, -12.0398073196, 13.6001138687, 30.4068393707, 29.0115718842, 16.2089920044, 31.3070659637, 93.9010009766, 38.0916366577, 9.50747680664, 6.15344047546], [72.5411376953, 16.0616836548, 44.8005867004, -16.2630996704, 10.2751579285, 55.7184829712, 17.2348423004, 21.8916301727, 12.1662368774, 38.0916366577, 102.383590698, 40.1070022583, 21.3386993408], [102.347427368, -8.91191005707, 13.2263183594, 31.3542537689, 16.8166217804, 20.661901474, 11.7075004578, 19.4359607697, 18.290058136, 9.50747680664, 40.1070022583, 90.5324020386, 40.7435531616], [74.7487487793, 21.3002052307, -5.62610721588, 25.5715198517, 20.471452713, 16.6223735809, 18.4053688049, 18.5259056091, 16.4568748474, 6.15344047546, 21.3386993408, 40.7435531616, 78.21900177]]
        icov: [[0.000202569601242, 1.99383703148e-05, 0.000142600969411, -0.000141703552799, 0.000126307830215, -0.000325425760821, 0.00034514858271, -0.000333875184879, -0.000144169433042, 0.000138803836307, -5.48896096007e-05, -6.36666081846e-05, -4.0917439037e-05], [1.99383703148e-05, 0.00117008259986, 0.000199713511392, -0.000217946944758, 9.37882432481e-05, 0.000131750493892, -0.000465393444756, 0.000363915693015, 0.000519016175531, -0.000529986515176, -0.000314215227263, 0.000368236593204, -0.000454890832771], [0.000142600969411, 0.000199713511392, 0.00305026187561, 0.000725441670511, -0.00186764297541, -0.000409583328292, 0.00119127484504, -0.00114130566362, 0.00107420922723, 0.000188623802387, -0.0010907871183, -0.00032268135692, 0.000582225562539], [-0.000141703552799, -0.000217946944758, 0.000725441670511, 0.00391027331352, -0.00141178898048, 0.000279810890788, -0.000721816089936, 0.00142925884575, -0.00185315567069, 0.00112070387695, 0.000571083917748, -0.0013036262244, -6.50656584185e-05], [0.000126307830215, 9.37882432481e-05, -0.00186764297541, -0.00141178898048, 0.00660561723635, -0.000440084841102, -0.00141792697832, -0.000285953778075, -0.0012962584151, -0.000226461881539, 0.000756135734264, 0.00017380969075, -0.00105923158117], [-0.000325425760821, 0.000131750493892, -0.000409583328292, 0.000279810890788, -0.000440084841102, 0.00721213733777, -0.00164633977693, -0.00177206692751, 7.16029171599e-05, -0.000456990295788, -0.00290025677532, 0.000693710229825, -5.45310831512e-06], [0.00034514858271, -0.000465393444756, 0.00119127484504, -0.000721816089936, -0.00141792697832, -0.00164633977693, 0.00895003508776, -0.0012641659705, -0.00108822877519, -0.0011437634239, -0.000393749767682, 0.000196977998712, -0.000643304141704], [-0.000333875184879, 0.000363915693015, -0.00114130566362, 0.00142925884575, -0.000285953778075, -0.00177206692751, -0.0012641659705, 0.0126230632886, -0.00445433612913, 0.000331580755301, 0.000375327595975, -0.000669262662996, -0.00141292158514], [-0.000144169433042, 0.000519016175531, 0.00107420922723, -0.00185315567069, -0.0012962584151, 7.16029171599e-05, -0.00108822877519, -0.00445433612913, 0.0142006846145, -0.00419362308457, 0.00063196051633, -0.000595702847932, -0.000205307427677], [0.000138803836307, -0.000529986515176, 0.000188623802387, 0.00112070387695, -0.000226461881539, -0.000456990295788, -0.0011437634239, 0.000331580755301, -0.00419362308457, 0.0148068573326, -0.00499000865966, 0.000800786423497, 0.000667505024467], [-5.48896096007e-05, -0.000314215227263, -0.0010907871183, 0.000571083917748, 0.000756135734264, -0.00290025677532, -0.000393749767682, 0.000375327595975, 0.00063196051633, -0.00499000865966, 0.0161808487028, -0.00594385107979, -0.000763494987041], [-6.36666081846e-05, 0.000368236593204, -0.00032268135692, -0.0013036262244, 0.00017380969075, 0.000693710229825, 0.000196977998712, -0.000669262662996, -0.000595702847932, 0.000800786423497, -0.00594385107979, 0.017456907779, -0.00712648872286], [-4.0917439037e-05, -0.000454890832771, 0.000582225562539, -6.50656584185e-05, -0.00105923158117, -5.45310831512e-06, -0.000643304141704, -0.00141292158514, -0.000205307427677, 0.000667505024467, -0.000763494987041, -0.00712648872286, 0.0176862347871]]
    sccoeffs:
        dmean: [0.0490122064948, 0.0475362949073, 0.0403747409582, 0.0294207818806, 0.021534120664, 0.017037993297]
        dmean2: [0.0783893913031, 0.0773554444313, 0.0647035092115, 0.0478339381516, 0.0352327786386, 0.0269950162619]
        dvar: [0.00187052658293, 0.00171303679235, 0.00121862220112, 0.000588064023759, 0.000369252404198, 0.00022332505614]
        dvar2: [0.00461014499888, 0.00429495470598, 0.00291966926306, 0.00145221548155, 0.000946031184867, 0.000524690083694]
        max: [-0.293672829866, -0.422840774059, -0.444947898388, -0.544033050537, -0.518781065941, -0.64201015234]
        mean: [-0.649645090103, -0.72025847435, -0.751386344433, -0.773518621922, -0.794928014278, -0.799210250378]
        median: [-0.666162788868, -0.728478848934, -0.766122877598, -0.780055999756, -0.798885762691, -0.800959527493]
        min: [-0.975190222263, -0.975343465805, -0.973275721073, -0.971999645233, -0.964670300484, -0.964493095875]
        var: [0.0107658440247, 0.00661892769858, 0.00605733692646, 0.00275374320336, 0.00158146012109, 0.00134725123644]
    scvalleys:
        dmean: [0.368357419968, 0.329315394163, 0.322668880224, 0.271188527346, 0.261555969715, 0.314847409725]
        dmean2: [0.593497991562, 0.537836313248, 0.522559463978, 0.427688360214, 0.384400725365, 0.40499162674]
        dvar: [0.122494719923, 0.0947535559535, 0.101018086076, 0.0854696929455, 0.105552881956, 0.144593685865]
        dvar2: [0.271351903677, 0.217812418938, 0.22647985816, 0.171601369977, 0.189493715763, 0.225689455867]
        max: [-4.99066638947, -4.57982444763, -5.11069011688, -5.38308095932, -5.70056962967, -7.72105979919]
        mean: [-7.16691589355, -6.63505029678, -7.29860544205, -7.7560172081, -8.39353942871, -10.1659431458]
        median: [-6.75584173203, -6.39900493622, -7.11138296127, -7.56585645676, -8.2930393219, -9.91751003265]
        min: [-28.1302890778, -27.9969139099, -27.6996803284, -27.5318660736, -27.5139694214, -27.3712368011]
        var: [2.98076462746, 2.53617405891, 2.39668464661, 2.39718961716, 2.31887412071, 2.79386401176]

rhythm:
    beats_loudness:
        dmean: 0.00213634897955
        dmean2: 0.00373602774926
        dvar: 4.20049582317e-06
        dvar2: 1.20447984955e-05
        max: 0.0180536061525
        mean: 0.00720576895401
        median: 0.00809583254158
        min: 0
        var: 1.4988163457e-05
    bpm: 116.9948349
    bpm_confidence: 0
    first_peak_bpm: 117
    first_peak_spread: 0.286821722984
    first_peak_weight: 0.596112310886
    onset_rate: 3.32917451859
    second_peak_bpm: 112
    second_peak_spread: 0.333333313465
    second_peak_weight: 0.0388768911362
    beats_loudness_band_ratio:
        dmean: [0.289807826281, 0.133399695158, 0.167437389493, 0.0730245709419, 0.100131087005, 0.0607516244054]
        dmean2: [0.545847356319, 0.235195711255, 0.296520650387, 0.129516720772, 0.191077545285, 0.116279296577]
        dvar: [0.0473954975605, 0.0104084042832, 0.0188878383487, 0.0101626738906, 0.00892185047269, 0.00248348270543]
        dvar2: [0.163734018803, 0.0280843488872, 0.0552234202623, 0.0287202261388, 0.0289274565876, 0.0078084776178]
        max: [0.972482562065, 0.967201769352, 0.930322349072, 0.785822331905, 0.821508228779, 0.379953205585]
        mean: [0.376082390547, 0.203747689724, 0.219416797161, 0.090879894793, 0.105811677873, 0.0540406480432]
        median: [0.333669155836, 0.167874604464, 0.181722357869, 0.0651122257113, 0.0810870826244, 0.0361076891422]
        min: [0, 0, 0, 0, 0, 0]
        var: [0.0689199864864, 0.0206526536494, 0.028989199549, 0.00892335176468, 0.00932327006012, 0.00321509246714]
    beats_position: [0.487619042397, 0.975238084793, 1.46285712719, 1.95047616959, 2.43809509277, 2.92571425438, 3.42494320869, 3.92417216301, 4.43501138687, 4.85297060013, 5.27092981339, 5.70049858093, 6.11845779419, 6.53641700745, 6.9543762207, 7.37233543396, 7.69741487503, 8.03410434723, 8.35918331146, 8.68426322937, 9.0093421936, 9.33442115784, 9.65950107574, 9.99619007111, 10.3328800201, 10.6695690155, 11.0062580109, 11.354557991, 11.6912469864, 12.0743761063, 12.4575052261, 12.840634346, 13.3746938705, 13.8971424103, 14.4079818726, 14.9188203812, 15.4296598434, 15.9521083832, 16.4629478455, 16.9737873077, 17.4846248627, 17.995464325, 18.5179138184, 19.0403633118, 19.5512008667, 20.062040329, 20.5728797913, 21.0837192535, 21.5945568085, 22.1053962708, 22.616235733, 23.1270751953, 23.6379127502, 24.1487522125, 24.6595916748, 25.1704311371, 25.6928787231, 26.2153282166, 26.7261676788, 27.2370071411, 27.747844696, 28.2586841583, 28.7695236206, 29.2803630829, 29.7912006378, 30.3020401001, 30.8128795624, 31.3237190247, 31.8461666107, 32.3686180115, 32.8794555664, 33.3902931213, 33.901134491, 34.4119720459, 34.9228096008, 35.4336509705, 35.9444885254, 36.455329895, 36.9777755737, 37.5002250671, 38.0110664368, 38.5219039917, 39.0327415466, 39.5435829163, 40.0544204712, 40.5652618408, 41.0760993958, 41.5869369507, 42.0977783203, 42.6202278137, 43.1426734924, 43.6535148621, 44.164352417, 44.6751937866, 45.1860313416, 45.6968688965, 46.2077102661, 46.718547821, 47.229385376, 47.7402267456, 48.2510643005, 48.7619056702, 49.2843513489, 49.8068008423, 50.3292503357, 50.8400878906, 51.3393173218, 51.8501586914, 52.3609962463, 52.871837616, 53.3942832947, 53.9167327881, 54.4275741577, 54.9500198364, 55.4492492676, 55.9600906372, 56.4709281921, 56.9817695618, 57.4926071167, 58.0034446716, 58.5142860413, 59.0251235962, 59.5359611511, 60.0468025208, 60.5576400757, 61.0800895691, 61.590927124, 62.1133766174, 62.6242179871, 63.1466636658, 63.6458930969, 64.1567306519, 64.6675720215, 65.1784133911, 65.6892471313, 66.2117004395, 66.7225418091, 67.2449874878, 67.7558288574, 68.2666625977, 68.7775039673, 69.2883453369, 69.7991790771, 70.3100204468, 70.8324737549, 71.3549194336, 71.8773651123, 72.3998184204, 72.91065979, 73.4214935303, 73.9323348999, 74.4431762695, 74.9540100098, 75.4648513794, 75.975692749, 76.4749221802, 76.9857559204, 77.4849853516, 77.9958267212, 78.5066680908, 79.0175018311, 79.5399551392, 80.0624008179, 80.5732421875, 81.0840835571, 81.5949172974, 82.105758667, 82.6166000366, 83.1274337769, 83.649887085, 84.1723327637, 84.6947860718, 85.205619812, 85.7048492432, 86.2156906128, 86.7265319824, 87.2373657227, 87.7482070923, 88.2590484619, 88.7698822021, 89.2807235718, 89.7915649414, 90.3023986816, 90.8132400513, 91.3356933594, 91.8581390381, 92.3689804077, 92.8798141479, 93.3906555176, 93.9014968872, 94.4123306274, 94.9231719971, 95.4340133667, 95.9448471069, 96.467300415, 96.9897460938, 97.5121994019, 98.0346450806, 98.5338745117, 99.0447158813, 99.5439453125, 100.054779053, 100.565620422, 101.076461792, 101.587303162, 102.098136902, 102.608978271, 103.119819641, 103.64226532, 104.164710999, 104.687164307, 105.198005676, 105.697235107, 106.208068848, 106.718910217, 107.229751587, 107.740585327, 108.251426697, 108.762268066, 109.273101807, 109.783943176, 110.294784546, 110.805618286, 111.316459656, 111.827301025, 112.349746704, 112.860588074, 113.383033752, 113.893875122, 114.404716492, 114.915550232, 115.43800354, 115.94884491, 116.45967865, 116.982131958, 117.492965698, 118.003807068, 118.514648438, 119.025482178, 119.536323547, 120.047164917, 120.557998657, 121.068840027, 121.591293335, 122.113739014, 122.624580383, 123.135414124, 123.646255493, 124.157096863, 124.667930603, 125.178771973, 125.689613342, 126.200454712, 126.722900391, 127.245346069, 127.756187439, 128.267028809, 128.777862549, 129.288711548, 129.799545288, 130.310379028, 130.821228027, 131.332061768, 131.842895508, 132.365356445, 132.887802124, 133.398635864, 133.921081543, 134.44354248, 134.977600098, 135.488433838, 135.999267578, 136.510116577, 137.020950317, 137.531784058, 138.042633057, 138.448974609, 138.855331421, 139.261672974, 139.668029785, 140.085983276, 140.503936768, 140.910293579, 141.421127319, 141.931976318, 142.442810059, 142.976867676, 143.522537231, 144.068206787, 144.613876343, 145.14793396, 145.681991577, 146.216049194, 146.750106812, 147.284164429, 147.818222046, 148.352294922, 148.863128662, 149.385574341, 149.90802002, 150.418869019, 150.941314697, 151.463760376, 151.974594116, 152.485443115, 152.996276855, 153.518722534, 154.041183472, 154.552017212, 155.062850952, 155.573699951, 156.084533691, 156.595367432, 157.106216431, 157.617050171, 158.127883911, 158.63873291, 159.14956665, 159.672012329, 160.194458008, 160.705307007, 161.216140747, 161.715377808, 162.237823486, 162.748657227, 163.259490967, 163.770339966, 164.281173706, 164.792022705, 165.314468384, 165.836914062, 166.347747803, 166.858596802, 167.369430542, 167.880264282, 168.391113281, 168.901947021, 169.412780762, 169.923629761, 170.434463501, 170.945297241, 171.45614624, 171.978591919, 172.501037598, 173.011871338, 173.522720337, 174.033554077, 174.544403076, 175.055236816, 175.566070557, 176.076919556, 176.599365234, 177.121810913, 177.621032715, 178.120269775, 178.631103516, 179.141952515, 179.664398193, 180.186843872, 180.697677612, 181.208526611, 181.719360352, 182.230194092, 182.741043091, 183.251876831, 183.762710571, 184.27355957, 184.807617188, 185.341674805, 185.840896606, 186.340133667, 186.850967407, 187.361816406, 187.872650146, 188.383483887, 188.905944824, 189.416778564, 189.927612305, 190.450057983, 190.960906982, 191.471740723, 191.982574463, 192.493423462, 193.004257202, 193.526702881, 194.025939941, 194.536773682, 195.047622681, 195.558456421, 196.069290161, 196.59173584, 197.114196777, 197.625030518, 198.147476196, 198.669921875, 199.169158936, 199.668380737, 200.179229736, 200.690063477, 201.200897217, 201.711746216, 202.234191895, 202.756637573, 203.267486572, 203.778320312, 204.289154053, 204.800003052, 205.32244873, 205.833282471, 206.355728149, 206.878189087, 207.389022827, 207.911468506, 208.422302246, 208.933151245, 209.443984985, 209.954818726, 210.465667725, 210.988113403, 211.510559082, 212.021408081, 212.532241821, 213.043075562, 213.553924561, 214.064758301, 214.575592041, 215.08644104, 215.585662842, 216.084899902, 216.595733643, 217.106567383, 217.62902832, 218.151473999, 218.662307739, 219.173141479, 219.695602417, 220.229660034, 220.763717651, 221.309387207, 221.855056763, 222.400726318, 223.016052246, 223.608154297, 224.200271606, 224.792373657, 225.372879028, 225.895324707, 226.429382324, 226.963439941, 227.48588562, 228.019943237, 228.554016113, 229.099685669, 229.645339966, 230.191009521, 230.62059021, 231.05015564, 231.479721069, 231.920898438, 232.373687744, 232.826477051, 233.279266357, 233.732055664, 234.196456909]
