
metadata:
    version:
        essentia: "2.1-beta2"
    audio_properties:
        analysis_sample_rate: 44100
        bitrate: 320
        channels: 2
        equal_loudness: 1
        length: 129.959182739
        replay_gain: -13.4206180573
        downmix: "mix"
    tags:
        album: ""
        artist: ""
        comment: ""
        date: ""
        genre: ""
        title: ""
        tracknumber: ""

configuration:
    average_loudness:
        compute: 1
        frameSize: 88200
        hopSize: 44100
        silentFrames: "noise"
        windowType: "hann"
    general:
        analysisSampleRate: 44100
        endTime: 2000
        equalLoudness: 1
        nequalLoudness: 0
        shortSound: 0
        startTime: 0
    lowlevel:
        compute: 1
        frameSize: 2048
        hopSize: 1024
        zeroPadding: 0
        silentFrames: "noise"
        windowType: "blackmanharris62"
        mfccStats: ["mean", "cov", "icov"]
        stats: ["mean", "var", "median", "min", "max", "dmean", "dmean2", "dvar", "dvar2"]
    panning:
        compute: 0
        frameSize: 8192
        hopSize: 2048
        zeroPadding: 8192
        silentFrames: "noise"
        windowType: "hann"
        stats: ["copy"]
    rhythm:
        compute: 1
        maxTempo: 208
        minTempo: 40
        method: "degara"
        stats: ["mean", "var", "median", "min", "max", "dmean", "dmean2", "dvar", "dvar2"]
    segmentation:
        compute: 0
        cpw: 5
        inc1: 300
        inc2: 50
        minimumSegmentsLength: 10
        size1: 1000
        size2: 600
    sfx:
        compute: 1
        stats: ["mean", "var", "median", "min", "max", "dmean", "dmean2", "dvar", "dvar2"]
    svm:
        compute: 0
    tonal:
        compute: 1
        frameSize: 4096
        hopSize: 2048
        zeroPadding: 0
        silentFrames: "noise"
        windowType: "blackmanharris62"
        stats: ["mean", "var", "median", "min", "max", "dmean", "dmean2", "dvar", "dvar2"]

lowlevel:
    average_loudness: 0.76409560442
    barkbands_kurtosis:
        dmean: 2.32638454437
        dmean2: 3.6196513176
        dvar: 20.1725597382
        dvar2: 44.1629562378
        max: 111.84413147
        mean: 3.73234820366
        median: 0.68107509613
        min: -1.93043375015
        var: 75.9731292725
    barkbands_skewness:
        dmean: 0.496594339609
        dmean2: 0.761912882328
        dvar: 0.270214766264
        dvar2: 0.615821182728
        max: 9.24040603638
        mean: 1.24609458447
        median: 1.08179628849
        min: -3.77654242516
        var: 2.39223980904
    barkbands_spread:
        dmean: 3.43569207191
        dmean2: 5.4246544838
        dvar: 14.7584590912
        dvar2: 35.4343414307
        max: 48.6566734314
        mean: 16.2443332672
        median: 14.8212375641
        min: 0.652976751328
        var: 83.3782806396
    dissonance:
        dmean: 0.025700673461
        dmean2: 0.0438810400665
        dvar: 0.000797336455435
        dvar2: 0.00222058221698
        max: 0.500000119209
        mean: 0.44703862071
        median: 0.459321141243
        min: 0.159906029701
        var: 0.00186550570652
    hfc:
        dmean: 1.13081729412
        dmean2: 1.72986149788
        dvar: 3.90212321281
        dvar2: 8.96121025085
        max: 30.2121677399
        mean: 3.92748880386
        median: 1.90757846832
        min: 1.25900992046e-16
        var: 19.8175888062
    pitch:
        dmean: 136.6456604
        dmean2: 260.35848999
        dvar: 178772.75
        dvar2: 478965.625
        max: 3964.13256836
        mean: 347.004516602
        median: 265.120117188
        min: 61.1647071838
        var: 154432.484375
    pitch_instantaneous_confidence:
        dmean: 0.0800191164017
        dmean2: 0.126595258713
        dvar: 0.00607067253441
        dvar2: 0.0144186513498
        max: 0.981000483036
        mean: 0.565635681152
        median: 0.558882236481
        min: 0.130954623222
        var: 0.0357899926603
    pitch_salience:
        dmean: 0.0617750138044
        dmean2: 0.098888091743
        dvar: 0.00321519304998
        dvar2: 0.00798310525715
        max: 0.880325257778
        mean: 0.528792321682
        median: 0.541540265083
        min: 0.126830771565
        var: 0.0195819567889
    silence_rate_20dB:
        dmean: 0
        dmean2: 0
        dvar: 0
        dvar2: 0
        max: 1
        mean: 1
        median: 1
        min: 1
        var: 0
    silence_rate_30dB:
        dmean: 0
        dmean2: 0
        dvar: 0
        dvar2: 0
        max: 1
        mean: 1
        median: 1
        min: 1
        var: 0
    silence_rate_60dB:
        dmean: 0.0818295478821
        dmean2: 0.163688346744
        dvar: 0.0751297920942
        dvar2: 0.165844097733
        max: 1
        mean: 0.532690227032
        median: 1
        min: 0
        var: 0.248943522573
    spectral_centroid:
        dmean: 140.788574219
        dmean2: 218.178222656
        dvar: 42123.9960938
        dvar2: 76056.0859375
        max: 10721.2578125
        mean: 882.092285156
        median: 765.417297363
        min: 156.791549683
        var: 221002.8125
    spectral_complexity:
        dmean: 1.75665533543
        dmean2: 2.8288064003
        dvar: 6.06089353561
        dvar2: 13.5661478043
        max: 41
        mean: 8.1070022583
        median: 7
        min: 0
        var: 32.2075843811
    spectral_crest:
        dmean: 2.35672664642
        dmean2: 3.72188305855
        dvar: 4.92808771133
        dvar2: 12.0700559616
        max: 25.7340202332
        mean: 11.9786405563
        median: 11.0514068604
        min: 2.94816851616
        var: 26.2797813416
    spectral_decrease:
        dmean: 2.55495902213e-10
        dmean2: 4.09617645358e-10
        dvar: 1.34966459358e-19
        dvar2: 3.58360697547e-19
        max: 1.13182774119e-28
        mean: -9.06512365173e-10
        median: -7.06727842914e-10
        min: -4.67503902257e-09
        var: 4.95532834009e-19
    spectral_energy:
        dmean: 0.00105160975363
        dmean2: 0.00167880964
        dvar: 2.2714507395e-06
        dvar2: 5.9426529333e-06
        max: 0.0186904016882
        mean: 0.00377762527205
        median: 0.00287899933755
        min: 1.09924071992e-20
        var: 9.01234307094e-06
    spectral_energyband_high:
        dmean: 2.25291896641e-05
        dmean2: 3.40223341482e-05
        dvar: 4.37758096439e-09
        dvar2: 9.3052641148e-09
        max: 0.00111842458136
        mean: 3.59483165084e-05
        median: 1.03844467958e-05
        min: 8.16722997815e-21
        var: 7.60420793e-09
    spectral_energyband_low:
        dmean: 0.000116618859465
        dmean2: 0.000190965423826
        dvar: 9.49104332904e-08
        dvar2: 2.3780071956e-07
        max: 0.00520603032783
        mean: 0.000242353678914
        median: 3.4118660551e-05
        min: 4.07372630839e-23
        var: 3.02144371744e-07
    spectral_energyband_middle_high:
        dmean: 0.000473204563605
        dmean2: 0.000716867740266
        dvar: 7.1057598916e-07
        dvar2: 1.63940615039e-06
        max: 0.0135727981105
        mean: 0.00159956375137
        median: 0.000603380904067
        min: 1.56693110203e-21
        var: 4.03090643886e-06
    spectral_energyband_middle_low:
        dmean: 0.000748136139009
        dmean2: 0.00123780267313
        dvar: 1.42245517054e-06
        dvar2: 4.02376144848e-06
        max: 0.0164909977466
        mean: 0.00200791074894
        median: 0.00155018805526
        min: 2.44332562888e-22
        var: 2.74145190815e-06
    spectral_flatness_db:
        dmean: 0.0268215946853
        dmean2: 0.0418233796954
        dvar: 0.000811031146441
        dvar2: 0.00187900289893
        max: 0.656676054001
        mean: 0.277995049953
        median: 0.258313953876
        min: 0.087404102087
        var: 0.00801758561283
    spectral_flux:
        dmean: 0.00790408439934
        dmean2: 0.0127072390169
        dvar: 9.7937627288e-05
        dvar2: 0.000209782418096
        max: 0.109278075397
        mean: 0.0258275773376
        median: 0.0220943056047
        min: 1.04844681548e-10
        var: 0.000291021831799
    spectral_kurtosis:
        dmean: 7.86279630661
        dmean2: 13.4138278961
        dvar: 108.933013916
        dvar2: 296.226196289
        max: 185.204940796
        mean: 16.5010070801
        median: 11.3211688995
        min: -1.16833806038
        var: 295.256622314
    spectral_rms:
        dmean: 0.000252193043707
        dmean2: 0.000390224449802
        dvar: 8.69154774819e-08
        dvar2: 2.20830003173e-07
        max: 0.00427019177005
        mean: 0.00176795676816
        median: 0.00167594151571
        min: 3.27479775068e-12
        var: 5.59815816814e-07
    spectral_rolloff:
        dmean: 283.995300293
        dmean2: 490.361022949
        dvar: 237337.75
        dvar2: 501152.625
        max: 18820.0195312
        mean: 1485.44714355
        median: 1335.05859375
        min: 150.732421875
        var: 832902.75
    spectral_skewness:
        dmean: 0.605001688004
        dmean2: 1.02572965622
        dvar: 0.425994247198
        dvar2: 1.17872655392
        max: 10.649058342
        mean: 2.50710535049
        median: 2.23876261711
        min: 0.0806186050177
        var: 1.3571189642
    spectral_spread:
        dmean: 403681
        dmean2: 594143.4375
        dvar: 462681735168
        dvar2: 652553289728
        max: 39812408
        mean: 2408618
        median: 2127397.5
        min: 499371.125
        var: 1.32018916557e+12
    spectral_strongpeak:
        dmean: 0.385216116905
        dmean2: 0.647769451141
        dvar: 0.549967885017
        dvar2: 1.37438631058
        max: 9.21651172638
        mean: 0.80479156971
        median: 0.331841796637
        min: 0
        var: 1.38879001141
    zerocrossingrate:
        dmean: 0.00566465593874
        dmean2: 0.00675304466859
        dvar: 7.00933014741e-05
        dvar2: 7.39095921745e-05
        max: 0.5126953125
        mean: 0.0510085560381
        median: 0.04736328125
        min: 0.01171875
        var: 0.000579832005315
    barkbands:
        dmean: [6.56773337937e-08, 1.07708938231e-05, 6.86979110469e-05, 0.000131194086862, 0.000435594120063, 0.000247101153946, 0.000101102756162, 6.45982217975e-05, 5.20893627254e-05, 3.57192984666e-05, 7.6454183727e-05, 4.96303109685e-05, 0.000119190430269, 2.51622441283e-05, 0.000101835677924, 0.000154590175953, 0.000117088711704, 6.65329716867e-05, 5.19504465046e-05, 2.2905644073e-05, 1.09217480713e-05, 2.45813976107e-06, 4.39009198772e-07, 1.97792786594e-07, 1.28203240024e-07, 5.52699308543e-09, 1.62903551759e-10]
        dmean2: [9.75595639829e-08, 1.78156824404e-05, 0.000112837624329, 0.000220886358875, 0.000725603662431, 0.000403856189223, 0.000164762721397, 0.000108528285637, 8.07242613519e-05, 5.49869073438e-05, 0.000121231554658, 7.89770419942e-05, 0.000172763961018, 3.81757163268e-05, 0.000167541293195, 0.000245109986281, 0.000190035498235, 0.000108020583866, 8.46846451168e-05, 3.6762234231e-05, 1.67101989064e-05, 3.36276048074e-06, 6.02836166763e-07, 3.09259547748e-07, 2.04655663083e-07, 8.18913559186e-09, 2.92517315925e-10]
        dvar: [5.08486753138e-14, 1.14099818482e-09, 3.89647389909e-08, 1.09082677113e-07, 6.89186379077e-07, 2.22052022991e-07, 4.99313514979e-08, 2.94936608469e-08, 1.14051905697e-08, 7.40176453462e-09, 3.58009728529e-08, 2.13075157518e-08, 1.72671931864e-07, 1.21314807089e-08, 8.41930258844e-08, 1.90638488107e-07, 8.67151754846e-08, 2.52595384609e-08, 1.63096114392e-08, 3.20688542388e-09, 1.18978638053e-09, 8.95522128674e-11, 2.52641158861e-12, 6.95538841366e-13, 3.22096407705e-13, 6.80485676336e-16, 7.87745681578e-20]
        dvar2: [1.13991403664e-13, 3.07022407497e-09, 9.73452785047e-08, 2.88584743657e-07, 1.96211385628e-06, 6.75332046285e-07, 1.40646420732e-07, 8.08092153193e-08, 2.25235101681e-08, 1.6935871372e-08, 8.74237571225e-08, 5.10357942574e-08, 3.37285939622e-07, 2.05030694644e-08, 2.21981238724e-07, 4.65277395278e-07, 2.2888745832e-07, 6.51498410775e-08, 4.12265279692e-08, 7.66253993589e-09, 2.65735455862e-09, 1.52459947445e-10, 4.82713218355e-12, 1.37401450894e-12, 8.45576104795e-13, 1.66643811499e-15, 2.22008633115e-19]
        max: [3.38440963787e-06, 0.000884740031324, 0.00430991034955, 0.00536288879812, 0.0100895119831, 0.0112661207095, 0.00652142893523, 0.00324075622484, 0.00544771179557, 0.00171490269713, 0.00322514143772, 0.00352368340828, 0.010555351153, 0.00513984262943, 0.010798888281, 0.0108828777447, 0.00571213150397, 0.00316479871981, 0.00253142463043, 0.000979487784207, 0.000597751524765, 0.000126514380099, 2.12219747482e-05, 1.63905551744e-05, 1.81251725735e-05, 9.21354626371e-07, 8.13337930339e-09]
        mean: [7.96328549768e-08, 1.40071570058e-05, 0.000132147411932, 0.000236618259805, 0.000842849432956, 0.000507006072439, 0.00020113492792, 0.000100100303825, 9.87289531622e-05, 6.44212996121e-05, 0.000157451679115, 0.000112597015686, 0.000259101769188, 4.05407226935e-05, 0.000209586782148, 0.000305230700178, 0.000210901082028, 0.000130753556732, 9.54045608523e-05, 3.76861316909e-05, 1.66270165209e-05, 3.57321664524e-06, 5.99911800236e-07, 3.01868851693e-07, 1.63673959719e-07, 7.43983807894e-09, 1.48876258543e-10]
        median: [1.79562675839e-09, 7.7431968748e-07, 9.99155417958e-06, 3.47547975252e-05, 0.000573613215238, 0.000310495495796, 6.5109001298e-05, 2.67512659775e-05, 4.31121006841e-05, 2.31136182265e-05, 4.04483034799e-05, 1.21466637211e-05, 5.10436366312e-05, 1.18429743452e-05, 3.01902946376e-05, 3.53127070412e-05, 3.32525523845e-05, 2.86618742393e-05, 2.52686841122e-05, 1.44578007166e-05, 3.26732242684e-06, 4.49967956229e-07, 4.7022311378e-08, 1.2519329573e-08, 5.70390490395e-09, 2.37496855515e-10, 4.94621080205e-11]
        min: [1.46606742399e-24, 1.94751313931e-23, 1.54401725495e-23, 1.80534383811e-23, 4.51560453564e-23, 9.19455250359e-24, 4.54174959485e-23, 8.54216137952e-24, 1.01243197437e-22, 7.77820197318e-23, 1.14452950974e-22, 1.29241959867e-22, 1.02304814889e-22, 1.03613724457e-22, 1.36606260407e-22, 1.06562726335e-22, 1.95050680334e-22, 1.71943492916e-22, 2.79366468912e-22, 3.56524259854e-22, 3.59524859546e-22, 3.87643547766e-22, 4.00616434772e-22, 1.15135059435e-21, 1.249347768e-21, 1.91116930135e-21, 2.78225813908e-21]
        var: [8.12274577569e-14, 1.63390734276e-09, 1.44018599713e-07, 2.71184546818e-07, 9.7201848348e-07, 4.29748467923e-07, 1.44949851233e-07, 5.77797401036e-08, 5.4040764752e-08, 1.93487306177e-08, 9.39396684885e-08, 9.24939413949e-08, 7.65634524669e-07, 3.09044736468e-08, 2.6685455623e-07, 5.28568591562e-07, 1.71150659867e-07, 5.47995036015e-08, 3.41911920998e-08, 5.67576341481e-09, 1.92965532442e-09, 1.75517364531e-10, 4.67042463731e-12, 1.44240511462e-12, 4.56917218904e-13, 9.40546866939e-16, 8.98911518075e-20]
    frequency_bands:
        dmean: [6.56773337937e-08, 1.07708938231e-05, 6.86979110469e-05, 0.000131194086862, 0.000435594120063, 0.000247101153946, 0.000101102756162, 6.45982217975e-05, 5.20893627254e-05, 3.57192984666e-05, 7.6454183727e-05, 4.96303109685e-05, 0.000119190430269, 2.51622441283e-05, 0.000101835677924, 0.000154590175953, 0.000117088711704, 6.65329716867e-05, 5.19504465046e-05, 2.2905644073e-05, 1.09217480713e-05, 2.45813976107e-06, 4.39009198772e-07, 1.97792786594e-07, 1.28203240024e-07, 5.52699308543e-09, 1.62903551759e-10, 4.17583329027e-11]
        dmean2: [9.75595639829e-08, 1.78156824404e-05, 0.000112837624329, 0.000220886358875, 0.000725603662431, 0.000403856189223, 0.000164762721397, 0.000108528285637, 8.07242613519e-05, 5.49869073438e-05, 0.000121231554658, 7.89770419942e-05, 0.000172763961018, 3.81757163268e-05, 0.000167541293195, 0.000245109986281, 0.000190035498235, 0.000108020583866, 8.46846451168e-05, 3.6762234231e-05, 1.67101989064e-05, 3.36276048074e-06, 6.02836166763e-07, 3.09259547748e-07, 2.04655663083e-07, 8.18913559186e-09, 2.92517315925e-10, 7.7017427158e-11]
        dvar: [5.08486753138e-14, 1.14099818482e-09, 3.89647389909e-08, 1.09082677113e-07, 6.89186379077e-07, 2.22052022991e-07, 4.99313514979e-08, 2.94936608469e-08, 1.14051905697e-08, 7.40176453462e-09, 3.58009728529e-08, 2.13075157518e-08, 1.72671931864e-07, 1.21314807089e-08, 8.41930258844e-08, 1.90638488107e-07, 8.67151754846e-08, 2.52595384609e-08, 1.63096114392e-08, 3.20688542388e-09, 1.18978638053e-09, 8.95522128674e-11, 2.52641158861e-12, 6.95538841366e-13, 3.22096407705e-13, 6.80485676336e-16, 7.87745681578e-20, 4.45813797507e-21]
        dvar2: [1.13991403664e-13, 3.07022407497e-09, 9.73452785047e-08, 2.88584743657e-07, 1.96211385628e-06, 6.75332046285e-07, 1.40646420732e-07, 8.08092153193e-08, 2.25235101681e-08, 1.6935871372e-08, 8.74237571225e-08, 5.10357942574e-08, 3.37285939622e-07, 2.05030694644e-08, 2.21981238724e-07, 4.65277395278e-07, 2.2888745832e-07, 6.51498410775e-08, 4.12265279692e-08, 7.66253993589e-09, 2.65735455862e-09, 1.52459947445e-10, 4.82713218355e-12, 1.37401450894e-12, 8.45576104795e-13, 1.66643811499e-15, 2.22008633115e-19, 1.39999349322e-20]
        max: [3.38440963787e-06, 0.000884740031324, 0.00430991034955, 0.00536288879812, 0.0100895119831, 0.0112661207095, 0.00652142893523, 0.00324075622484, 0.00544771179557, 0.00171490269713, 0.00322514143772, 0.00352368340828, 0.010555351153, 0.00513984262943, 0.010798888281, 0.0108828777447, 0.00571213150397, 0.00316479871981, 0.00253142463043, 0.000979487784207, 0.000597751524765, 0.000126514380099, 2.12219747482e-05, 1.63905551744e-05, 1.81251725735e-05, 9.21354626371e-07, 8.13337930339e-09, 6.99065694221e-10]
        mean: [7.96328549768e-08, 1.40071570058e-05, 0.000132147411932, 0.000236618259805, 0.000842849432956, 0.000507006072439, 0.00020113492792, 0.000100100303825, 9.87289531622e-05, 6.44212996121e-05, 0.000157451679115, 0.000112597015686, 0.000259101769188, 4.05407226935e-05, 0.000209586782148, 0.000305230700178, 0.000210901082028, 0.000130753556732, 9.54045608523e-05, 3.76861316909e-05, 1.66270165209e-05, 3.57321664524e-06, 5.99911800236e-07, 3.01868851693e-07, 1.63673959719e-07, 7.43983807894e-09, 1.48876258543e-10, 3.25280774538e-11]
        median: [1.79562675839e-09, 7.7431968748e-07, 9.99155417958e-06, 3.47547975252e-05, 0.000573613215238, 0.000310495495796, 6.5109001298e-05, 2.67512659775e-05, 4.31121006841e-05, 2.31136182265e-05, 4.04483034799e-05, 1.21466637211e-05, 5.10436366312e-05, 1.18429743452e-05, 3.01902946376e-05, 3.53127070412e-05, 3.32525523845e-05, 2.86618742393e-05, 2.52686841122e-05, 1.44578007166e-05, 3.26732242684e-06, 4.49967956229e-07, 4.7022311378e-08, 1.2519329573e-08, 5.70390490395e-09, 2.37496855515e-10, 4.94621080205e-11, 1.0135528701e-11]
        min: [1.46606742399e-24, 1.94751313931e-23, 1.54401725495e-23, 1.80534383811e-23, 4.51560453564e-23, 9.19455250359e-24, 4.54174959485e-23, 8.54216137952e-24, 1.01243197437e-22, 7.77820197318e-23, 1.14452950974e-22, 1.29241959867e-22, 1.02304814889e-22, 1.03613724457e-22, 1.36606260407e-22, 1.06562726335e-22, 1.95050680334e-22, 1.71943492916e-22, 2.79366468912e-22, 3.56524259854e-22, 3.59524859546e-22, 3.87643547766e-22, 4.00616434772e-22, 1.15135059435e-21, 1.249347768e-21, 1.91116930135e-21, 2.78225813908e-21, 7.1306780578e-22]
        var: [8.12274577569e-14, 1.63390734276e-09, 1.44018599713e-07, 2.71184546818e-07, 9.7201848348e-07, 4.29748467923e-07, 1.44949851233e-07, 5.77797401036e-08, 5.4040764752e-08, 1.93487306177e-08, 9.39396684885e-08, 9.24939413949e-08, 7.65634524669e-07, 3.09044736468e-08, 2.6685455623e-07, 5.28568591562e-07, 1.71150659867e-07, 5.47995036015e-08, 3.41911920998e-08, 5.67576341481e-09, 1.92965532442e-09, 1.75517364531e-10, 4.67042463731e-12, 1.44240511462e-12, 4.56917218904e-13, 9.40546866939e-16, 8.98911518075e-20, 3.54217317547e-21]
    mfcc:
        mean: [-808.760803223, 152.438476562, -61.1760406494, 27.9996070862, -4.39368009567, -20.6304454803, -9.67926979065, -22.6509780884, -18.1031188965, -25.5099220276, -24.3113212585, -13.930226326, -9.45123958588]
        cov: [[5848.04980469, 486.425048828, -1161.11962891, 1387.79260254, -197.105285645, 99.0120162964, 200.670806885, 572.417419434, 861.644836426, 378.376678467, 632.618896484, 516.825195312, 374.698730469], [486.425048828, 895.897827148, 216.867446899, 127.516906738, -82.5151596069, -139.146606445, 85.8731689453, 166.728713989, 278.163208008, 238.274230957, 192.106643677, 113.69694519, 57.0705566406], [-1161.11962891, 216.867446899, 1197.28723145, -180.913619995, -90.5053024292, -35.4193305969, -83.5193710327, 28.8997516632, 15.5994520187, 167.59753418, 4.8866071701, -47.3243637085, -34.8380775452], [1387.79260254, 127.516906738, -180.913619995, 701.18170166, 86.6385040283, 55.762802124, 46.7130889893, 115.212524414, 214.635009766, 31.5304870605, 100.117774963, 120.346054077, 89.669418335], [-197.105285645, -82.5151596069, -90.5053024292, 86.6385040283, 366.002471924, 194.991775513, 15.2568454742, -26.2174358368, -86.2798614502, -140.248291016, -115.488182068, -67.1724777222, -31.091299057], [99.0120162964, -139.146606445, -35.4193305969, 55.762802124, 194.991775513, 312.77444458, 68.6147842407, -7.18849611282, -40.4717826843, -97.8343200684, -46.469039917, -8.48132896423, -2.55806589127], [200.670806885, 85.8731689453, -83.5193710327, 46.7130889893, 15.2568454742, 68.6147842407, 193.949661255, 49.901260376, -17.1543655396, 0.868688702583, 23.8332920074, 33.5877990723, -1.3177511692], [572.417419434, 166.728713989, 28.8997516632, 115.212524414, -26.2174358368, -7.18849611282, 49.901260376, 240.462463379, 229.940261841, 111.784942627, 106.156959534, 61.400226593, 58.0750694275], [861.644836426, 278.163208008, 15.5994520187, 214.635009766, -86.2798614502, -40.4717826843, -17.1543655396, 229.940261841, 440.566009521, 236.512924194, 179.402923584, 116.757225037, 95.8095550537], [378.376678467, 238.274230957, 167.59753418, 31.5304870605, -140.248291016, -97.8343200684, 0.868688702583, 111.784942627, 236.512924194, 320.067901611, 205.083297729, 80.0104827881, 72.2330474854], [632.618896484, 192.106643677, 4.8866071701, 100.117774963, -115.488182068, -46.469039917, 23.8332920074, 106.156959534, 179.402923584, 205.083297729, 295.296936035, 196.964630127, 92.0641937256], [516.825195312, 113.69694519, -47.3243637085, 120.346054077, -67.1724777222, -8.48132896423, 33.5877990723, 61.400226593, 116.757225037, 80.0104827881, 196.964630127, 290.451751709, 142.006240845], [374.698730469, 57.0705566406, -34.8380775452, 89.669418335, -31.091299057, -2.55806589127, -1.3177511692, 58.0750694275, 95.8095550537, 72.2330474854, 92.0641937256, 142.006240845, 209.705673218]]
        icov: [[0.000946921412833, -0.000317851954605, 0.0010017263703, -0.00150326476432, 0.00133487349376, -0.00131522351876, 0.000819715321995, -0.00154467695393, 0.000570895441342, -0.000764846568927, -0.000265955372015, -0.000120319091366, 1.9416482246e-05], [-0.000317851954605, 0.00216341693886, -0.000909078866243, 0.000594941433519, -0.00140197109431, 0.00210252520628, -0.00225970824249, 0.00133517722134, -0.00193124939688, 0.000729198334739, -0.000926821434405, 0.000331825343892, -0.0001790629467], [0.0010017263703, -0.000909078866243, 0.00238321721554, -0.00157759094145, 0.00201418879442, -0.00244589103386, 0.0024337368086, -0.0028679438401, 0.00214111618698, -0.00270913634449, 0.00113458093256, -0.00086721603293, 0.000650435860734], [-0.00150326476432, 0.000594941433519, -0.00157759094145, 0.00450138514861, -0.0030108622741, 0.002538069617, -0.00219518737867, 0.00314864213578, -0.00274680065922, 0.00245634815656, -0.000462718046037, 0.000297896098346, -0.000553688209038], [0.00133487349376, -0.00140197109431, 0.00201418879442, -0.0030108622741, 0.00752433948219, -0.00570585951209, 0.00340071949176, -0.00391258718446, 0.00301604229026, -0.00166888628155, 0.00160784006584, -0.000319422455505, 0.000476657180116], [-0.00131522351876, 0.00210252520628, -0.00244589103386, 0.002538069617, -0.00570585951209, 0.00917881168425, -0.00557342730463, 0.00459162006155, -0.00425888923928, 0.00426083896309, -0.00224922224879, 0.00133671180811, -0.00119397044182], [0.000819715321995, -0.00225970824249, 0.0024337368086, -0.00219518737867, 0.00340071949176, -0.00557342730463, 0.0111767286435, -0.00705840624869, 0.00672261603177, -0.00480239000171, 0.00305224815384, -0.00297539005987, 0.00221208692528], [-0.00154467695393, 0.00133517722134, -0.0028679438401, 0.00314864213578, -0.00391258718446, 0.00459162006155, -0.00705840624869, 0.0146734882146, -0.00942024867982, 0.00572552112862, -0.00386470626108, 0.00335242180154, -0.00229995697737], [0.000570895441342, -0.00193124939688, 0.00214111618698, -0.00274680065922, 0.00301604229026, -0.00425888923928, 0.00672261603177, -0.00942024867982, 0.0120970299467, -0.00791672896594, 0.00407915795222, -0.00326677318662, 0.00170340947807], [-0.000764846568927, 0.000729198334739, -0.00270913634449, 0.00245634815656, -0.00166888628155, 0.00426083896309, -0.00480239000171, 0.00572552112862, -0.00791672896594, 0.0143532380462, -0.00931532960385, 0.00589403882623, -0.00337214372121], [-0.000265955372015, -0.000926821434405, 0.00113458093256, -0.000462718046037, 0.00160784006584, -0.00224922224879, 0.00305224815384, -0.00386470626108, 0.00407915795222, -0.00931532960385, 0.0149918720126, -0.00878633093089, 0.00312732881866], [-0.000120319091366, 0.000331825343892, -0.00086721603293, 0.000297896098346, -0.000319422455505, 0.00133671180811, -0.00297539005987, 0.00335242180154, -0.00326677318662, 0.00589403882623, -0.00878633093089, 0.0111190220341, -0.00533473212272], [1.9416482246e-05, -0.0001790629467, 0.000650435860734, -0.000553688209038, 0.000476657180116, -0.00119397044182, 0.00221208692528, -0.00229995697737, 0.00170340947807, -0.00337214372121, 0.00312732881866, -0.00533473212272, 0.00845723971725]]
    sccoeffs:
        dmean: [0.0547272749245, 0.049359049648, 0.0395845398307, 0.032894089818, 0.0237323138863, 0.0220116563141]
        dmean2: [0.0880027785897, 0.0829145982862, 0.0643598437309, 0.0533898696303, 0.0385507903993, 0.0354089401662]
        dvar: [0.00257543753833, 0.00191705615725, 0.00139375310391, 0.000997638213448, 0.000558139581699, 0.0005135529791]
        dvar2: [0.00634176051244, 0.00507093127817, 0.0036958118435, 0.00256513454951, 0.00136927037966, 0.00132835784461]
        max: [-0.201928526163, -0.290660202503, -0.373167365789, -0.338478505611, -0.542003691196, -0.540917634964]
        mean: [-0.501794099808, -0.674956202507, -0.731779038906, -0.710331976414, -0.757973611355, -0.754319190979]
        median: [-0.499484211206, -0.698658287525, -0.745865225792, -0.725914001465, -0.75819337368, -0.761036038399]
        min: [-0.962616026402, -0.948683917522, -0.967332303524, -0.968123972416, -0.962285816669, -0.961756050587]
        var: [0.0168113168329, 0.015159775503, 0.00799276772887, 0.0106620108709, 0.00461415108293, 0.00229733902961]
    scvalleys:
        dmean: [0.532179176807, 0.428601264954, 0.348477512598, 0.344485789537, 0.344360738993, 0.484091997147]
        dmean2: [0.842810332775, 0.717592537403, 0.563541412354, 0.551122963428, 0.51998180151, 0.662838101387]
        dvar: [0.375432193279, 0.294250577688, 0.23559217155, 0.23929746449, 0.268830686808, 0.338459044695]
        dvar2: [0.790912508965, 0.667897522449, 0.483392894268, 0.470994025469, 0.548978745937, 0.708839774132]
        max: [-5.25523853302, -4.76461791992, -5.52275371552, -5.6728053093, -5.97654056549, -8.5296087265]
        mean: [-8.59059238434, -7.26144170761, -7.81071281433, -8.25395298004, -8.69693660736, -12.2484817505]
        median: [-8.33316230774, -6.76155662537, -7.47452163696, -8.04812431335, -8.52597808838, -12.2140283585]
        min: [-27.6858940125, -27.4106884003, -27.1524963379, -27.1865844727, -27.0556430817, -27.1498851776]
        var: [2.56699681282, 2.35922574997, 1.52018225193, 1.45045566559, 1.78402733803, 2.23801183701]

rhythm:
    beats_loudness:
        dmean: 0.00190630019642
        dmean2: 0.00315742869861
        dvar: 2.90208095066e-06
        dvar2: 7.51667084842e-06
        max: 0.015776399523
        mean: 0.00500313239172
        median: 0.0044864686206
        min: 2.67050399998e-05
        var: 1.05401768451e-05
    bpm: 108.897789001
    bpm_confidence: 0
    first_peak_bpm: 110
    first_peak_spread: 0.463636338711
    first_peak_weight: 0.504273533821
    onset_rate: 3.50109910965
    second_peak_bpm: 105
    second_peak_spread: 0.428571462631
    second_peak_weight: 0.0341880358756
    beats_loudness_band_ratio:
        dmean: [0.115901648998, 0.150228276849, 0.0702357143164, 0.0890224948525, 0.108740620315, 0.0502564311028]
        dmean2: [0.211533248425, 0.253358781338, 0.113058499992, 0.150642320514, 0.191494971514, 0.0958963930607]
        dvar: [0.00961531978101, 0.0174791757017, 0.00771982083097, 0.0118093900383, 0.0114269061014, 0.00379514112137]
        dvar2: [0.0286436062306, 0.0482757091522, 0.0178216509521, 0.0324615426362, 0.032276250422, 0.0120387449861]
        max: [0.581434845924, 0.913647711277, 0.819364190102, 0.810364127159, 0.672196447849, 0.459244281054]
        mean: [0.156765013933, 0.410574823618, 0.11068444699, 0.137884661555, 0.191770985723, 0.0484241656959]
        median: [0.136157974601, 0.40522262454, 0.0675894394517, 0.0924985259771, 0.126040160656, 0.0205999240279]
        min: [7.47686135583e-06, 0.00107881706208, 1.18336129162e-05, 0.00324857444502, 0.00573914824054, 0.000479048903799]
        var: [0.0173122137785, 0.0652157142758, 0.0167240127921, 0.0209665093571, 0.0269134584814, 0.00362356868573]
    beats_position: [0.545668900013, 1.10294783115, 1.66022670269, 2.22911548615, 2.79800438881, 3.36689329147, 3.93578219414, 4.48145103455, 5.0387301445, 5.58439922333, 6.13006782532, 6.68734693527, 7.24462556839, 7.80190467834, 8.34757328033, 8.893242836, 9.42730140686, 9.96135997772, 10.5070295334, 11.0526981354, 11.5867567062, 12.1324262619, 12.6780948639, 13.235373497, 13.7810430527, 14.3267116547, 14.8723802567, 15.4296598434, 15.9869384766, 16.5326080322, 17.0898857117, 17.6471652985, 18.1928348541, 18.7385025024, 19.2957820892, 19.853061676, 20.4219493866, 21.0024490356, 21.5829467773, 22.1634464264, 22.7323360443, 23.3012237549, 23.8817234039, 24.4622211456, 25.0543308258, 25.6232185364, 26.1804981232, 26.7261676788, 27.2834453583, 27.8407249451, 28.3863945007, 28.932062149, 29.4893417358, 30.0350112915, 30.5806789398, 31.1379585266, 31.6952381134, 32.2409057617, 32.7981834412, 33.3438529968, 33.901134491, 34.4468002319, 34.9924697876, 35.5381393433, 36.0838088989, 36.6410865784, 37.1983680725, 37.7440338135, 38.2897033691, 38.8469848633, 39.3926506042, 39.9383201599, 40.4956016541, 41.0528793335, 41.6101570129, 42.1558265686, 42.7014961243, 43.2471656799, 43.7928352356, 44.3385009766, 44.8841705322, 45.4414520264, 45.9987297058, 46.5443992615, 47.0900688171, 47.6473464966, 48.1930160522, 48.7386856079, 49.2959632874, 49.841632843, 50.3873023987, 50.9445800781, 51.4902496338, 52.0359191895, 52.5931968689, 53.1504745483, 53.696144104, 54.2418136597, 54.7990913391, 55.3563690186, 55.9020385742, 56.4477081299, 57.0049858093, 57.550655365, 58.0963249207, 58.6536026001, 59.2108840942, 59.7565536499, 60.3022193909, 60.8478889465, 61.3935585022, 61.9508361816, 62.5081176758, 63.0653953552, 63.6110649109, 64.1567306519, 64.714012146, 65.2596817017, 65.8053512573, 66.3626327515, 66.9082946777, 67.4539642334, 68.0112457275, 68.5685272217, 69.1141967773, 69.659866333, 70.2055282593, 70.7511978149, 71.3084793091, 71.8657608032, 72.423034668, 72.9687042236, 73.5143737793, 74.0716552734, 74.6173248291, 75.1629943848, 75.7202682495, 76.2775497437, 76.8232192993, 77.368888855, 77.9261627197, 78.4718322754, 79.0175018311, 79.5747833252, 80.1204528809, 80.6661224365, 81.2233963013, 81.7690658569, 82.3147354126, 82.8720169067, 83.4292984009, 83.9749679565, 84.5206298828, 85.077911377, 85.6351928711, 86.1808624268, 86.7265319824, 87.2838058472, 87.8294754028, 88.3751449585, 88.9324264526, 89.4897003174, 90.023765564, 90.5810394287, 91.1383209229, 91.6839904785, 92.2296600342, 92.7869338989, 93.3326034546, 93.8782730103, 94.4355545044, 94.9928359985, 95.5384979248, 96.0841674805, 96.6414489746, 97.1987304688, 97.7444000244, 98.2900695801, 98.8473434448, 99.404624939, 99.9502944946, 100.49596405, 101.041633606, 101.587303162, 102.144577026, 102.701858521, 103.247528076, 103.793197632, 104.350471497, 104.907752991, 105.453422546, 105.999092102, 106.556373596, 107.102035522, 107.647705078, 108.204986572, 108.762268066, 109.296325684, 109.853607178, 110.410881042, 110.956550598, 111.502220154, 112.059501648, 112.605171204, 113.15083313, 113.708114624, 114.25378418, 114.799453735, 115.356735229, 115.914009094, 116.448066711, 117.005348206, 117.5626297, 118.119903564, 118.66557312, 119.211242676, 119.76852417, 120.314193726, 120.859863281, 121.417137146, 121.962806702, 122.508476257, 123.054145813, 123.599815369, 124.157096863, 124.714370728, 125.271652222, 125.817321777, 126.362991333, 126.920272827, 127.465942383, 128.011611938, 128.568893433, 129.126159668, 129.683441162]
    bpm_estimates: [107.666015625, 107.666023254, 105.468772888, 105.46875, 105.46875, 105.46875, 109.956802368, 107.665977478, 109.956756592, 109.956848145, 107.665977478, 107.666069031, 107.665977478, 109.956848145, 109.95665741, 112.347229004, 112.347229004, 109.95665741, 109.956848145, 112.347229004, 109.95665741, 109.956848145, 107.666069031, 109.95665741, 109.956848145, 109.956848145, 107.665885925, 107.666069031, 109.95665741, 107.666252136, 107.665885925, 109.95665741, 109.957038879, 107.665885925, 107.665885925, 105.468971252, 105.468612671, 105.468971252, 105.468971252, 107.665885925, 109.95665741, 107.666252136, 107.665885925, 109.95665741, 109.957038879, 107.665885925, 109.95665741, 109.957038879, 107.665885925, 107.665885925, 109.957038879, 107.666252136, 109.95665741, 107.665519714, 109.957427979, 109.95665741, 109.95665741, 109.95665741, 107.666252136, 107.665519714, 109.957427979, 109.95665741, 107.665519714, 109.957427979, 109.95665741, 107.665519714, 107.666252136, 107.666252136, 109.95665741, 109.95665741, 109.95665741, 109.95665741, 109.957427979, 109.95665741, 107.665519714, 107.666252136, 109.95665741, 109.95665741, 107.666252136, 109.95665741, 109.95665741, 107.666252136, 109.95665741, 109.95665741, 107.666252136, 109.95665741, 109.95665741, 107.666252136, 107.666252136, 109.95665741, 109.95665741, 107.666252136, 107.666252136, 109.95665741, 109.95665741, 107.666252136, 109.95665741, 109.95665741, 107.666252136, 107.665519714, 109.95665741, 109.957427979, 109.95665741, 109.95665741, 107.666252136, 107.665519714, 107.666252136, 109.95665741, 109.957427979, 107.665519714, 109.95665741, 109.95665741, 107.665519714, 109.958190918, 109.95665741, 107.665519714, 107.665519714, 109.95665741, 109.95665741, 109.958190918, 109.95665741, 107.665519714, 107.665519714, 107.666992188, 109.95665741, 109.95665741, 107.665519714, 109.95665741, 109.95665741, 107.666992188, 107.665519714, 109.95665741, 109.95665741, 107.666992188, 109.95665741, 109.95665741, 107.665519714, 109.95665741, 109.95665741, 107.666992188, 109.95665741, 109.95665741, 107.665519714, 107.665519714, 109.95665741, 109.958190918, 107.665519714, 107.665519714, 109.95665741, 109.95665741, 107.666992188, 109.95665741, 109.95665741, 107.665519714, 107.666992188, 112.345825195, 107.666992188, 107.665519714, 109.95665741, 109.95665741, 107.666992188, 109.95665741, 109.95665741, 107.665519714, 107.665519714, 109.958190918, 109.95665741, 107.665519714, 107.665519714, 109.95665741, 109.95665741, 107.666992188, 107.665519714, 109.95665741, 109.95665741, 109.95665741, 109.95665741, 107.666992188, 107.665519714, 109.95665741, 109.95665741, 107.666992188, 107.665519714, 109.95665741, 109.95665741, 107.665519714, 109.958190918, 109.95665741, 107.665519714, 107.665519714, 112.347427368, 107.665519714, 107.666992188, 109.95665741, 109.95665741, 107.665519714, 109.95665741, 109.958190918, 107.665519714, 109.95665741, 109.95665741, 107.665519714, 107.666992188, 112.347427368, 107.665519714, 107.665519714, 107.666992188, 109.95665741, 109.95665741, 107.665519714, 109.95665741, 109.95665741, 107.666992188, 109.95665741, 109.95665741, 109.95665741, 109.95665741, 107.665519714, 107.666992188, 107.665519714, 109.95665741, 109.95665741, 107.665519714, 109.95665741, 109.95665741, 107.665519714, 107.668464661, 107.665519714]
