
metadata:
    version:
        essentia: "2.1-beta2"
    audio_properties:
        analysis_sample_rate: 44100
        bitrate: 320
        channels: 2
        equal_loudness: 1
        length: 226.495758057
        replay_gain: -11.9266452789
        downmix: "mix"
    tags:
        album: "夏 / 狂热"
        artist: "苏打绿"
        comment: "music:{\"musicId\":374940,\"musicName\":\"无眠\",\"artist\":[[\"苏打绿\",12707]],\"albumId\":37123,\"album\":\"夏 / 狂热\",\"albumPicDocId\":30786325590094,\"albumPic\":\"http://p3.music.126.net/vLAmBAy2yPmYKUfI81bDsA==/30786325590094.jpg\",\"bitrate\":320000,\"mp3DocId\":1106108697551576,\"duration\":226717,\"mvId\":0,\"alias\":[]}"
        date: ""
        genre: ""
        title: "无眠"
        tracknumber: ""

configuration:
    average_loudness:
        compute: 1
        frameSize: 88200
        hopSize: 44100
        silentFrames: "noise"
        windowType: "hann"
    general:
        analysisSampleRate: 44100
        endTime: 2000
        equalLoudness: 1
        nequalLoudness: 0
        shortSound: 0
        startTime: 0
    lowlevel:
        compute: 1
        frameSize: 2048
        hopSize: 1024
        zeroPadding: 0
        silentFrames: "noise"
        windowType: "blackmanharris62"
        mfccStats: ["mean", "cov", "icov"]
        stats: ["mean", "var", "median", "min", "max", "dmean", "dmean2", "dvar", "dvar2"]
    panning:
        compute: 0
        frameSize: 8192
        hopSize: 2048
        zeroPadding: 8192
        silentFrames: "noise"
        windowType: "hann"
        stats: ["copy"]
    rhythm:
        compute: 1
        maxTempo: 208
        minTempo: 40
        method: "degara"
        stats: ["mean", "var", "median", "min", "max", "dmean", "dmean2", "dvar", "dvar2"]
    segmentation:
        compute: 0
        cpw: 5
        inc1: 300
        inc2: 50
        minimumSegmentsLength: 10
        size1: 1000
        size2: 600
    sfx:
        compute: 1
        stats: ["mean", "var", "median", "min", "max", "dmean", "dmean2", "dvar", "dvar2"]
    svm:
        compute: 0
    tonal:
        compute: 1
        frameSize: 4096
        hopSize: 2048
        zeroPadding: 0
        silentFrames: "noise"
        windowType: "blackmanharris62"
        stats: ["mean", "var", "median", "min", "max", "dmean", "dmean2", "dvar", "dvar2"]

lowlevel:
    average_loudness: 0.757387578487
    barkbands_kurtosis:
        dmean: 2.81428432465
        dmean2: 4.29970598221
        dvar: 28.2157325745
        dvar2: 60.2288475037
        max: 201.031158447
        mean: 6.53827190399
        median: 2.97476148605
        min: -1.93223547935
        var: 161.381729126
    barkbands_skewness:
        dmean: 0.450380176306
        dmean2: 0.667690992355
        dvar: 0.258093684912
        dvar2: 0.523306846619
        max: 11.2134799957
        mean: 1.79366242886
        median: 1.59179854393
        min: -3.47312903404
        var: 1.93097734451
    barkbands_spread:
        dmean: 2.76329874992
        dmean2: 4.12320327759
        dvar: 16.9358882904
        dvar2: 34.0391159058
        max: 70.826675415
        mean: 13.1395187378
        median: 10.6110076904
        min: 0.442307800055
        var: 92.5673522949
    dissonance:
        dmean: 0.0305501315743
        dmean2: 0.0510696098208
        dvar: 0.000856717466377
        dvar2: 0.002328714123
        max: 0.499999910593
        mean: 0.411386787891
        median: 0.420450001955
        min: 0.118418179452
        var: 0.00244326796383
    hfc:
        dmean: 0.739068865776
        dmean2: 0.997492909431
        dvar: 1.1846768856
        dvar2: 2.0313603878
        max: 22.9533042908
        mean: 3.12207126617
        median: 2.15555381775
        min: 1.09189071702e-16
        var: 10.0484294891
    pitch:
        dmean: 100.093551636
        dmean2: 191.535812378
        dvar: 247488.125
        dvar2: 586152.0625
        max: 5697.22460938
        mean: 352.569122314
        median: 247.721359253
        min: 55.8806228638
        var: 431367.28125
    pitch_instantaneous_confidence:
        dmean: 0.0661359503865
        dmean2: 0.0992380529642
        dvar: 0.00534473545849
        dvar2: 0.0112280398607
        max: 0.964246213436
        mean: 0.653907239437
        median: 0.672177553177
        min: 0.0844423174858
        var: 0.0308219902217
    pitch_salience:
        dmean: 0.0562406517565
        dmean2: 0.0888395011425
        dvar: 0.00269847898744
        dvar2: 0.00650048907846
        max: 0.959449350834
        mean: 0.546783745289
        median: 0.551423311234
        min: 0.109224490821
        var: 0.0115665458143
    silence_rate_20dB:
        dmean: 0
        dmean2: 0
        dvar: 0
        dvar2: 0
        max: 1
        mean: 1
        median: 1
        min: 1
        var: 0
    silence_rate_30dB:
        dmean: 0
        dmean2: 0
        dvar: 0
        dvar2: 0
        max: 1
        mean: 1
        median: 1
        min: 1
        var: 0
    silence_rate_60dB:
        dmean: 0.0906201973557
        dmean2: 0.18125897646
        dvar: 0.0824159905314
        dvar2: 0.174229025841
        max: 1
        mean: 0.450799494982
        median: 0
        min: 0
        var: 0.247579395771
    spectral_centroid:
        dmean: 112.920463562
        dmean2: 160.67175293
        dvar: 47140.0117188
        dvar2: 74860.1875
        max: 11567.9501953
        mean: 770.73034668
        median: 627.60723877
        min: 137.816040039
        var: 617137.5625
    spectral_complexity:
        dmean: 1.19241416454
        dmean2: 1.87963914871
        dvar: 1.64371562004
        dvar2: 3.32971668243
        max: 22
        mean: 7.09809350967
        median: 7
        min: 0
        var: 14.0643062592
    spectral_crest:
        dmean: 2.23306012154
        dmean2: 3.50952482224
        dvar: 4.41415071487
        dvar2: 11.0369129181
        max: 26.0720825195
        mean: 12.0063667297
        median: 11.2300395966
        min: 3.12030172348
        var: 18.7705211639
    spectral_decrease:
        dmean: 2.34268660027e-10
        dmean2: 3.4354596945e-10
        dvar: 1.00177252585e-19
        dvar2: 2.08136891791e-19
        max: 1.40187682317e-28
        mean: -9.83377601571e-10
        median: -8.59256554797e-10
        min: -6.26981178087e-09
        var: 5.22463508308e-19
    spectral_energy:
        dmean: 0.00093936995836
        dmean2: 0.00137117062695
        dvar: 1.57791703259e-06
        dvar2: 3.23628273691e-06
        max: 0.0242663361132
        mean: 0.00399467954412
        median: 0.00348274270073
        min: 1.02081446588e-20
        var: 8.74069246493e-06
    spectral_energyband_high:
        dmean: 1.3533353922e-05
        dmean2: 1.7384547391e-05
        dvar: 4.15426137934e-09
        dvar2: 6.08953021342e-09
        max: 0.00217660400085
        mean: 2.82047731162e-05
        median: 6.64046001475e-06
        min: 7.14588002591e-21
        var: 1.35805722223e-08
    spectral_energyband_low:
        dmean: 6.71149609843e-05
        dmean2: 0.000104774124338
        dvar: 4.5854928743e-08
        dvar2: 1.08514335295e-07
        max: 0.00429867487401
        mean: 0.000137737544719
        median: 4.62063617306e-05
        min: 9.57624127485e-24
        var: 7.60055840487e-08
    spectral_energyband_middle_high:
        dmean: 0.00025095618912
        dmean2: 0.00033453508513
        dvar: 1.869727555e-07
        dvar2: 3.19585609532e-07
        max: 0.0120722511783
        mean: 0.000898977159522
        median: 0.000415335322032
        min: 1.16908136022e-21
        var: 1.50532059706e-06
    spectral_energyband_middle_low:
        dmean: 0.00081443291856
        dmean2: 0.0012174451258
        dvar: 1.26161762637e-06
        dvar2: 2.75536262961e-06
        max: 0.0233769398183
        mean: 0.00299709429964
        median: 0.00262066954747
        min: 1.48704635146e-22
        var: 5.06625974594e-06
    spectral_flatness_db:
        dmean: 0.0193597953767
        dmean2: 0.0292616356164
        dvar: 0.000359735568054
        dvar2: 0.00079510116484
        max: 0.5146048069
        mean: 0.251255482435
        median: 0.248050332069
        min: 0.0597484707832
        var: 0.00298466160893
    spectral_flux:
        dmean: 0.00797789636999
        dmean2: 0.012688186951
        dvar: 7.51732368371e-05
        dvar2: 0.00018237758195
        max: 0.108017086983
        mean: 0.0240935757756
        median: 0.0219629369676
        min: 6.33174623843e-11
        var: 0.000221196823986
    spectral_kurtosis:
        dmean: 4.62766647339
        dmean2: 7.71092939377
        dvar: 43.4576377869
        dvar2: 117.879768372
        max: 126.398529053
        mean: 14.7953386307
        median: 10.8569717407
        min: -1.25390863419
        var: 207.217391968
    spectral_rms:
        dmean: 0.000224454284762
        dmean2: 0.000323264714098
        dvar: 6.4936948263e-08
        dvar2: 1.26696917846e-07
        max: 0.00486564217135
        mean: 0.0018141544424
        median: 0.00184331159107
        min: 3.15581458535e-12
        var: 6.06100513778e-07
    spectral_rolloff:
        dmean: 255.606811523
        dmean2: 434.367279053
        dvar: 301305.5625
        dvar2: 597366.6875
        max: 19315.2832031
        mean: 1282.32189941
        median: 775.1953125
        min: 129.19921875
        var: 2115545
    spectral_skewness:
        dmean: 0.38913449645
        dmean2: 0.627802252769
        dvar: 0.190101623535
        dvar2: 0.489999860525
        max: 9.0842924118
        mean: 2.82604122162
        median: 2.63496589661
        min: -0.0653618499637
        var: 1.25891387463
    spectral_spread:
        dmean: 514980.5625
        dmean2: 759149.625
        dvar: 893168713728
        dvar2: 1.49431110861e+12
        max: 42323768
        mean: 3552662.75
        median: 3134268.5
        min: 589949.4375
        var: 7.89066599629e+12
    spectral_strongpeak:
        dmean: 0.260872215033
        dmean2: 0.434397310019
        dvar: 0.286740094423
        dvar2: 0.722426772118
        max: 8.03822994232
        mean: 0.628490030766
        median: 0.417347729206
        min: 6.13379416703e-11
        var: 0.517580926418
    zerocrossingrate:
        dmean: 0.00559418648481
        dmean2: 0.00648306729272
        dvar: 7.21410397091e-05
        dvar2: 6.67080385028e-05
        max: 0.51708984375
        mean: 0.0434961691499
        median: 0.037109375
        min: 0.00537109375
        var: 0.00142035784665
    barkbands:
        dmean: [3.42214834248e-09, 6.01220517638e-06, 2.58591899183e-05, 0.000114691167255, 0.000419850752223, 0.000189691025298, 0.000160244220751, 0.00015227800759, 0.000205396325327, 4.36726259068e-05, 4.67697209388e-05, 5.03775663674e-05, 3.20813414874e-05, 2.70457749139e-05, 2.1145962819e-05, 3.00169594993e-05, 6.77111383993e-05, 5.46676455997e-05, 3.14206336043e-05, 9.4746646937e-06, 5.2443565437e-06, 4.94773394166e-06, 1.20580739349e-06, 4.58036709006e-07, 4.02256745247e-07, 1.87985556011e-08, 2.57253079949e-10]
        dmean2: [6.01414829049e-09, 8.76889498613e-06, 4.36051886936e-05, 0.000174810033059, 0.000667201762553, 0.000286892580334, 0.000235076004174, 0.00021284968534, 0.000289735908154, 6.0643938923e-05, 6.57470736769e-05, 7.0084737672e-05, 4.6518020099e-05, 3.85880630347e-05, 3.09873030346e-05, 4.37500566477e-05, 9.72333727987e-05, 8.2048944023e-05, 4.48720602435e-05, 1.38527875606e-05, 7.37037044019e-06, 6.89027547196e-06, 1.66035545135e-06, 6.23543542133e-07, 5.89442834098e-07, 2.87803398891e-08, 4.52198278822e-10]
        dvar: [3.35161838242e-17, 3.02246033757e-10, 6.42584963018e-09, 1.75112745637e-07, 4.60042002715e-07, 1.82028159657e-07, 1.14990960753e-07, 1.37568520131e-07, 1.94641089024e-07, 1.96948448661e-08, 2.21064926365e-08, 4.00454602811e-08, 1.7405085373e-08, 1.22202141739e-08, 5.2670223738e-09, 1.070448441e-08, 4.62128149081e-08, 1.3113019115e-08, 5.26965315828e-09, 7.68870911383e-10, 7.76104958078e-10, 7.79682929331e-10, 5.1488098507e-11, 4.9128539778e-12, 4.03235214316e-12, 1.65122754201e-14, 8.52475071902e-19]
        dvar2: [8.99789997327e-17, 6.40136499364e-10, 1.77348855601e-08, 3.67130070345e-07, 1.1746420796e-06, 3.90346514223e-07, 2.52200663908e-07, 2.70043869932e-07, 3.89049915839e-07, 3.88652665606e-08, 4.32194262601e-08, 7.38687546686e-08, 3.2682272888e-08, 2.21253753097e-08, 1.00426129634e-08, 2.18691571519e-08, 9.44894509303e-08, 2.93681363672e-08, 1.04555111236e-08, 1.61908964014e-09, 1.4312654395e-09, 1.36431621556e-09, 9.78761863224e-11, 8.23476616757e-12, 8.29098161653e-12, 3.869625635e-14, 2.2456963082e-18]
        max: [1.753937795e-07, 0.000437395443441, 0.001643599011, 0.0101880952716, 0.0135793741792, 0.0160452295095, 0.0118343392387, 0.0104333469644, 0.0113969277591, 0.00707029784098, 0.0049650715664, 0.00774139212444, 0.00400854693726, 0.00706812134013, 0.00331706483848, 0.00414584064856, 0.00667335558683, 0.00243243318982, 0.00263180211186, 0.00109052972402, 0.000892812677193, 0.00107411912177, 0.000240550958551, 9.52607151703e-05, 6.83374746586e-05, 5.25267205376e-06, 3.79341038581e-08]
        mean: [3.93849841629e-09, 9.48848082771e-06, 6.87880892656e-05, 0.000160856594448, 0.0010539717041, 0.00050373072736, 0.000403863930842, 0.000352281407686, 0.000504347495735, 0.000108468855615, 9.39817036851e-05, 0.000101003002783, 6.09260205238e-05, 5.25950490555e-05, 4.19528696511e-05, 6.68054635753e-05, 0.000166358338902, 0.000127300125314, 7.85434895079e-05, 1.84674463526e-05, 9.13143776415e-06, 8.59166357259e-06, 1.91316917153e-06, 7.22633274108e-07, 5.6777281543e-07, 2.11887467572e-08, 2.25650012564e-10]
        median: [2.28001861835e-09, 1.61898788065e-06, 1.59028131748e-05, 3.29573158524e-05, 0.000700317556038, 0.000194446067326, 0.00015092366084, 7.82025745139e-05, 0.00015116368013, 1.58846378326e-05, 1.21450557344e-05, 2.09720965358e-05, 6.68900247547e-06, 8.66337177285e-06, 9.24018968362e-06, 1.06386196421e-05, 2.01343791559e-05, 3.92563233618e-05, 2.62441499217e-05, 5.00722944707e-06, 1.75942602709e-06, 1.50981247771e-06, 3.2306382991e-07, 1.35179533345e-07, 1.07058951926e-07, 2.00048200227e-09, 6.88804499549e-11]
        min: [9.75500859446e-25, 2.33353950171e-24, 1.34535267423e-24, 2.70788338631e-25, 1.5629650628e-23, 8.85293944402e-24, 1.60343031403e-23, 1.5174028235e-23, 2.29484023395e-23, 1.69270649153e-23, 1.91658300762e-23, 4.16509533388e-23, 3.37095758029e-23, 3.87097864279e-23, 7.62782362763e-23, 6.9275499088e-23, 8.29822034408e-23, 1.23642776623e-22, 1.57912762368e-22, 1.3980211895e-22, 2.2523066841e-22, 2.97471318936e-22, 4.14873435871e-22, 6.48573264472e-22, 8.70310427654e-22, 1.26774294408e-21, 2.05577626479e-21]
        var: [3.56321713881e-17, 6.65834054558e-10, 1.61547486499e-08, 2.60403766106e-07, 1.26446275317e-06, 7.82970232649e-07, 4.46742831173e-07, 5.99739735208e-07, 8.28007046039e-07, 1.16955931162e-07, 6.90209418508e-08, 1.18759011514e-07, 5.58018875552e-08, 3.6961580463e-08, 1.78978130094e-08, 5.13117583978e-08, 2.55140861327e-07, 5.05477686374e-08, 2.18220748138e-08, 2.0303074777e-09, 1.92174454128e-09, 1.90926230381e-09, 1.07553729811e-10, 1.12002195712e-11, 5.92100283733e-12, 1.83046920042e-14, 6.8626460494e-19]
    frequency_bands:
        dmean: [3.42214834248e-09, 6.01220517638e-06, 2.58591899183e-05, 0.000114691167255, 0.000419850752223, 0.000189691025298, 0.000160244220751, 0.00015227800759, 0.000205396325327, 4.36726259068e-05, 4.67697209388e-05, 5.03775663674e-05, 3.20813414874e-05, 2.70457749139e-05, 2.1145962819e-05, 3.00169594993e-05, 6.77111383993e-05, 5.46676455997e-05, 3.14206336043e-05, 9.4746646937e-06, 5.2443565437e-06, 4.94773394166e-06, 1.20580739349e-06, 4.58036709006e-07, 4.02256745247e-07, 1.87985556011e-08, 2.57253079949e-10, 4.90786786211e-11]
        dmean2: [6.01414829049e-09, 8.76889498613e-06, 4.36051886936e-05, 0.000174810033059, 0.000667201762553, 0.000286892580334, 0.000235076004174, 0.00021284968534, 0.000289735908154, 6.0643938923e-05, 6.57470736769e-05, 7.0084737672e-05, 4.6518020099e-05, 3.85880630347e-05, 3.09873030346e-05, 4.37500566477e-05, 9.72333727987e-05, 8.2048944023e-05, 4.48720602435e-05, 1.38527875606e-05, 7.37037044019e-06, 6.89027547196e-06, 1.66035545135e-06, 6.23543542133e-07, 5.89442834098e-07, 2.87803398891e-08, 4.52198278822e-10, 9.12628514427e-11]
        dvar: [3.35161838242e-17, 3.02246033757e-10, 6.42584963018e-09, 1.75112745637e-07, 4.60042002715e-07, 1.82028159657e-07, 1.14990960753e-07, 1.37568520131e-07, 1.94641089024e-07, 1.96948448661e-08, 2.21064926365e-08, 4.00454602811e-08, 1.7405085373e-08, 1.22202141739e-08, 5.2670223738e-09, 1.070448441e-08, 4.62128149081e-08, 1.3113019115e-08, 5.26965315828e-09, 7.68870911383e-10, 7.76104958078e-10, 7.79682929331e-10, 5.1488098507e-11, 4.9128539778e-12, 4.03235214316e-12, 1.65122754201e-14, 8.52475071902e-19, 5.01701278164e-21]
        dvar2: [8.99789997327e-17, 6.40136499364e-10, 1.77348855601e-08, 3.67130070345e-07, 1.1746420796e-06, 3.90346514223e-07, 2.52200663908e-07, 2.70043869932e-07, 3.89049915839e-07, 3.88652665606e-08, 4.32194262601e-08, 7.38687546686e-08, 3.2682272888e-08, 2.21253753097e-08, 1.00426129634e-08, 2.18691571519e-08, 9.44894509303e-08, 2.93681363672e-08, 1.04555111236e-08, 1.61908964014e-09, 1.4312654395e-09, 1.36431621556e-09, 9.78761863224e-11, 8.23476616757e-12, 8.29098161653e-12, 3.869625635e-14, 2.2456963082e-18, 1.6000931686e-20]
        max: [1.753937795e-07, 0.000437395443441, 0.001643599011, 0.0101880952716, 0.0135793741792, 0.0160452295095, 0.0118343392387, 0.0104333469644, 0.0113969277591, 0.00707029784098, 0.0049650715664, 0.00774139212444, 0.00400854693726, 0.00706812134013, 0.00331706483848, 0.00414584064856, 0.00667335558683, 0.00243243318982, 0.00263180211186, 0.00109052972402, 0.000892812677193, 0.00107411912177, 0.000240550958551, 9.52607151703e-05, 6.83374746586e-05, 5.25267205376e-06, 3.79341038581e-08, 8.52545534169e-10]
        mean: [3.93849841629e-09, 9.48848082771e-06, 6.87880892656e-05, 0.000160856594448, 0.0010539717041, 0.00050373072736, 0.000403863930842, 0.000352281407686, 0.000504347495735, 0.000108468855615, 9.39817036851e-05, 0.000101003002783, 6.09260205238e-05, 5.25950490555e-05, 4.19528696511e-05, 6.68054635753e-05, 0.000166358338902, 0.000127300125314, 7.85434895079e-05, 1.84674463526e-05, 9.13143776415e-06, 8.59166357259e-06, 1.91316917153e-06, 7.22633274108e-07, 5.6777281543e-07, 2.11887467572e-08, 2.25650012564e-10, 3.80451989357e-11]
        median: [2.28001861835e-09, 1.61898788065e-06, 1.59028131748e-05, 3.29573158524e-05, 0.000700317556038, 0.000194446067326, 0.00015092366084, 7.82025745139e-05, 0.00015116368013, 1.58846378326e-05, 1.21450557344e-05, 2.09720965358e-05, 6.68900247547e-06, 8.66337177285e-06, 9.24018968362e-06, 1.06386196421e-05, 2.01343791559e-05, 3.92563233618e-05, 2.62441499217e-05, 5.00722944707e-06, 1.75942602709e-06, 1.50981247771e-06, 3.2306382991e-07, 1.35179533345e-07, 1.07058951926e-07, 2.00048200227e-09, 6.88804499549e-11, 1.29325057607e-11]
        min: [9.75500859446e-25, 2.33353950171e-24, 1.34535267423e-24, 2.70788338631e-25, 1.5629650628e-23, 8.85293944402e-24, 1.60343031403e-23, 1.5174028235e-23, 2.29484023395e-23, 1.69270649153e-23, 1.91658300762e-23, 4.16509533388e-23, 3.37095758029e-23, 3.87097864279e-23, 7.62782362763e-23, 6.9275499088e-23, 8.29822034408e-23, 1.23642776623e-22, 1.57912762368e-22, 1.3980211895e-22, 2.2523066841e-22, 2.97471318936e-22, 4.14873435871e-22, 6.48573264472e-22, 8.70310427654e-22, 1.26774294408e-21, 2.05577626479e-21, 5.20251974701e-22]
        var: [3.56321713881e-17, 6.65834054558e-10, 1.61547486499e-08, 2.60403766106e-07, 1.26446275317e-06, 7.82970232649e-07, 4.46742831173e-07, 5.99739735208e-07, 8.28007046039e-07, 1.16955931162e-07, 6.90209418508e-08, 1.18759011514e-07, 5.58018875552e-08, 3.6961580463e-08, 1.78978130094e-08, 5.13117583978e-08, 2.55140861327e-07, 5.05477686374e-08, 2.18220748138e-08, 2.0303074777e-09, 1.92174454128e-09, 1.90926230381e-09, 1.07553729811e-10, 1.12002195712e-11, 5.92100283733e-12, 1.83046920042e-14, 6.8626460494e-19, 4.13344292746e-21]
    mfcc:
        mean: [-807.171936035, 153.384506226, -29.4790802002, 26.8511276245, -15.2439031601, -33.8527374268, -19.9105415344, -5.93341779709, -16.8529052734, -18.7871417999, -3.02168536186, -17.3362159729, -11.7923765182]
        cov: [[6865.57177734, 733.743225098, -1684.05004883, 481.225921631, -420.790374756, -235.053939819, -118.240097046, 210.083282471, -102.751083374, -227.835754395, 162.100662231, -211.300369263, -8.13844585419], [733.743225098, 1385.80065918, -129.464355469, -177.679672241, 2.69409799576, -88.0810089111, 90.8646850586, 1.19386696815, -81.2888717651, 28.3367671967, 23.4988174438, -46.0550537109, -83.3332519531], [-1684.05004883, -129.464355469, 978.179626465, -11.9379930496, 120.485237122, 175.72517395, 63.1981430054, -59.4542236328, 95.961730957, 71.7334136963, -66.4934005737, 112.581985474, 12.3076410294], [481.225921631, -177.679672241, -11.9379930496, 502.244689941, 137.351776123, -76.8758239746, -113.877281189, 50.7445373535, 111.478347778, -90.5766067505, -10.3084897995, 44.6075706482, 48.1272888184], [-420.790374756, 2.69409799576, 120.485237122, 137.351776123, 336.517974854, -2.24069619179, -48.0023384094, 1.70558929443, 97.1098937988, 36.7892150879, -30.9875602722, 46.8523597717, 17.7117462158], [-235.053939819, -88.0810089111, 175.72517395, -76.8758239746, -2.24069619179, 318.008239746, 171.378158569, -13.242483139, 21.5892562866, 95.0983047485, 22.7112979889, 30.5818805695, -7.88754796982], [-118.240097046, 90.8646850586, 63.1981430054, -113.877281189, -48.0023384094, 171.378158569, 279.360931396, 17.6467475891, -34.1373748779, 82.7835617065, 9.30624961853, 25.1314201355, -9.32009124756], [210.083282471, 1.19386696815, -59.4542236328, 50.7445373535, 1.70558929443, -13.242483139, 17.6467475891, 168.850723267, 24.0225753784, -21.4621257782, 45.445854187, 2.65965080261, 23.4984893799], [-102.751083374, -81.2888717651, 95.961730957, 111.478347778, 97.1098937988, 21.5892562866, -34.1373748779, 24.0225753784, 172.277755737, 26.9141616821, -11.7549467087, 44.0332145691, 20.8712787628], [-227.835754395, 28.3367671967, 71.7334136963, -90.5766067505, 36.7892150879, 95.0983047485, 82.7835617065, -21.4621257782, 26.9141616821, 189.591934204, 5.00715923309, 7.90518951416, -2.93253588676], [162.100662231, 23.4988174438, -66.4934005737, -10.3084897995, -30.9875602722, 22.7112979889, 9.30624961853, 45.445854187, -11.7549467087, 5.00715923309, 143.086990356, -2.33032369614, -11.723315239], [-211.300369263, -46.0550537109, 112.581985474, 44.6075706482, 46.8523597717, 30.5818805695, 25.1314201355, 2.65965080261, 44.0332145691, 7.90518951416, -2.33032369614, 127.656997681, 33.5601844788], [-8.13844585419, -83.3332519531, 12.3076410294, 48.1272888184, 17.7117462158, -7.88754796982, -9.32009124756, 23.4984893799, 20.8712787628, -2.93253588676, -11.723315239, 33.5601844788, 101.225914001]]
        icov: [[0.000401922938181, -0.000276904320344, 0.000623315165285, -0.000615913886577, 0.000572803546675, -0.000385660561733, 0.000194903870579, -0.000145658297697, -7.10301028448e-05, -2.25506664719e-05, 4.47606144007e-05, 0.000125320992083, -7.94882580522e-05], [-0.000276904320344, 0.00107444846071, -0.000380686309654, 0.000690411950927, -0.000686459359713, 0.000875919009559, -0.000709311570972, 8.69930736371e-05, 0.0001474609453, -1.13095793495e-05, -0.000194808439119, -1.70940038515e-05, 0.000635534990579], [0.000623315165285, -0.000380686309654, 0.00234264228493, -0.000768010562751, 0.0006125618238, -0.00128449744079, 0.000430086889537, 2.76155442407e-05, -0.000489876314532, -2.21626014536e-05, 0.000643135979772, -0.000740117626265, 6.31738002994e-05], [-0.000615913886577, 0.000690411950927, -0.000768010562751, 0.00413508526981, -0.00188022945076, 0.000847750809044, -6.36208933429e-05, -0.000138676943607, -0.00139956222847, 0.0015936618438, -0.000183777199709, -0.000539175816812, -0.000440176867414], [0.000572803546675, -0.000686459359713, 0.0006125618238, -0.00188022945076, 0.00504411337897, -0.000673552742228, 0.00115095323417, -0.000369479152141, -0.00117241195403, -0.00135317852255, 0.000800284498837, -0.000602421408985, 5.20153844263e-05], [-0.000385660561733, 0.000875919009559, -0.00128449744079, 0.000847750809044, -0.000673552742228, 0.00656878063455, -0.00385566591285, 0.00109150679782, -0.00108453002758, -0.000868173665367, -0.0015486079501, 0.000215322041186, 0.000412242719904], [0.000194903870579, -0.000709311570972, 0.000430086889537, -6.36208933429e-05, 0.00115095323417, -0.00385566591285, 0.00737683661282, -0.00204984820448, 0.00196745316498, -0.00182795629371, 0.00134943681769, -0.00183659791946, 0.000369491666788], [-0.000145658297697, 8.69930736371e-05, 2.76155442407e-05, -0.000138676943607, -0.000369479152141, 0.00109150679782, -0.00204984820448, 0.00789950974286, -0.00180443562567, 0.00130961369723, -0.00281613692641, 0.00093717884738, -0.00197720737197], [-7.10301028448e-05, 0.0001474609453, -0.000489876314532, -0.00139956222847, -0.00117241195403, -0.00108453002758, 0.00196745316498, -0.00180443562567, 0.00930430740118, -0.00214128708467, 0.000926128530409, -0.00195082300343, 0.000334907235811], [-2.25506664719e-05, -1.13095793495e-05, -2.21626014536e-05, 0.0015936618438, -0.00135317852255, -0.000868173665367, -0.00182795629371, 0.00130961369723, -0.00214128708467, 0.00793933402747, -0.000824316462968, 0.000898352242075, -0.000791120808572], [4.47606144007e-05, -0.000194808439119, 0.000643135979772, -0.000183777199709, 0.000800284498837, -0.0015486079501, 0.00134943681769, -0.00281613692641, 0.000926128530409, -0.000824316462968, 0.00869400240481, -0.00114367564674, 0.0015409081243], [0.000125320992083, -1.70940038515e-05, -0.000740117626265, -0.000539175816812, -0.000602421408985, 0.000215322041186, -0.00183659791946, 0.00093717884738, -0.00195082300343, 0.000898352242075, -0.00114367564674, 0.0108294850215, -0.00321670807898], [-7.94882580522e-05, 0.000635534990579, 6.31738002994e-05, -0.000440176867414, 5.20153844263e-05, 0.000412242719904, 0.000369491666788, -0.00197720737197, 0.000334907235811, -0.000791120808572, 0.0015409081243, -0.00321670807898, 0.0122662717476]]
    sccoeffs:
        dmean: [0.0441903620958, 0.0403761230409, 0.0360344462097, 0.0304078329355, 0.0247231107205, 0.0172047801316]
        dmean2: [0.0705095827579, 0.0634410381317, 0.0549115985632, 0.0463930405676, 0.0362192839384, 0.0248374845833]
        dvar: [0.00138328387402, 0.00125936325639, 0.00101765245199, 0.000723259232473, 0.000529758573975, 0.000259425170952]
        dvar2: [0.00345301092602, 0.00294150109403, 0.00224055768922, 0.0015117545845, 0.000999569543637, 0.000517262669746]
        max: [-0.242955878377, -0.320783674717, -0.405854254961, -0.44942086935, -0.44814530015, -0.637728393078]
        mean: [-0.504356086254, -0.650959908962, -0.678112566471, -0.731976211071, -0.719309449196, -0.7882797122]
        median: [-0.501214504242, -0.653450012207, -0.67680388689, -0.737180709839, -0.717683196068, -0.786074459553]
        min: [-0.976275920868, -0.981405615807, -0.978090643883, -0.969907939434, -0.967152833939, -0.963941693306]
        var: [0.00905913952738, 0.00788762234151, 0.00805424060673, 0.00682398257777, 0.00666021835059, 0.00212913635187]
    scvalleys:
        dmean: [0.425797373056, 0.289224863052, 0.279359430075, 0.274284511805, 0.260179758072, 0.297834903002]
        dmean2: [0.655717015266, 0.464139848948, 0.441062390804, 0.41547319293, 0.375938415527, 0.410973280668]
        dvar: [0.156420320272, 0.0721873119473, 0.0707436352968, 0.0696640536189, 0.076168872416, 0.12220659852]
        dvar2: [0.330901682377, 0.157116159797, 0.148380637169, 0.13305683434, 0.131568565965, 0.213576987386]
        max: [-5.55105018616, -4.85419416428, -5.29610967636, -6.6799788475, -6.67395925522, -7.81144189835]
        mean: [-8.44071006775, -7.09622144699, -8.29779624939, -9.0293340683, -9.35464668274, -11.5142822266]
        median: [-8.24204349518, -6.8408908844, -8.03891181946, -8.79302978516, -9.11402416229, -11.2586145401]
        min: [-28.03358078, -28.4710388184, -27.7021865845, -27.5245723724, -27.5061607361, -27.3851928711]
        var: [2.91650152206, 2.97482967377, 2.75441002846, 2.5491566658, 2.46686077118, 2.55335688591]

rhythm:
    beats_loudness:
        dmean: 0.00292093516327
        dmean2: 0.00505389133468
        dvar: 7.18903720553e-06
        dvar2: 2.16988137254e-05
        max: 0.020990235731
        mean: 0.00524453213438
        median: 0.00477866828442
        min: 0
        var: 1.18187126645e-05
    bpm: 143.862808228
    bpm_confidence: 0
    first_peak_bpm: 144
    first_peak_spread: 0.441558420658
    first_peak_weight: 0.4804469347
    onset_rate: 3.07290530205
    second_peak_bpm: 136
    second_peak_spread: 0.235294163227
    second_peak_weight: 0.0484171323478
    beats_loudness_band_ratio:
        dmean: [0.149289667606, 0.218693807721, 0.194485515356, 0.0826640501618, 0.0831471458077, 0.0264023542404]
        dmean2: [0.268869757652, 0.37226447463, 0.345793783665, 0.142016902566, 0.148977488279, 0.0469197481871]
        dvar: [0.0291223153472, 0.0270577333868, 0.0240196380764, 0.0105372983962, 0.0110328570008, 0.00304008624516]
        dvar2: [0.0816375166178, 0.0800761207938, 0.0659643337131, 0.0297441072762, 0.0301407948136, 0.00858952477574]
        max: [0.945926368237, 0.936816871166, 0.920925021172, 0.71130079031, 0.649545192719, 0.465265631676]
        mean: [0.151213765144, 0.393917322159, 0.301796704531, 0.0818551629782, 0.0866065919399, 0.0266924854368]
        median: [0.0763975828886, 0.380580246449, 0.271331399679, 0.0419375039637, 0.0444956421852, 0.0149166304618]
        min: [0, 0, 0, 0, 0, 0]
        var: [0.0344406664371, 0.0482194013894, 0.0380735211074, 0.0114223370329, 0.0115476213396, 0.00222554057837]
    beats_position: [0.441179126501, 0.882358253002, 1.3235373497, 1.764716506, 2.20589566231, 2.6470746994, 3.08825397491, 3.51782298088, 3.94739222527, 4.3653512001, 4.78331041336, 5.20126962662, 5.61922883987, 6.03718805313, 6.45514726639, 6.87310647964, 7.2910656929, 7.70902490616, 8.12698364258, 8.54494285583, 8.97451210022, 9.39247131348, 9.82204055786, 10.2632198334, 10.71600914, 11.1804075241, 11.6448068619, 12.1092061996, 12.5736055374, 13.0380039215, 13.4907932281, 13.9319725037, 14.3731517792, 14.8143310547, 15.2439002991, 15.6734695435, 16.0914287567, 16.4977779388, 16.9157371521, 17.3453063965, 17.7632656097, 18.181224823, 18.5991840363, 19.0171432495, 19.4351024628, 19.853061676, 20.2826309204, 20.6889801025, 21.1069393158, 21.5248966217, 21.942855835, 22.3492050171, 22.7555541992, 23.1619052887, 23.5682544708, 23.9862117767, 24.40417099, 24.8221302032, 25.2400894165, 25.6580486298, 26.0643978119, 26.470746994, 26.8887062073, 27.3066654205, 27.747844696, 28.1658039093, 28.5953731537, 29.0133323669, 29.4312915802, 29.8376407623, 30.2555999756, 30.6735591888, 31.0915184021, 31.5094776154, 31.9274368286, 32.3453979492, 32.7633552551, 33.1813163757, 33.5992736816, 33.99401474, 34.4119720459, 34.818321228, 35.2362823486, 35.6426315308, 36.0605888367, 36.4669380188, 36.8848991394, 37.3028564453, 37.7208137512, 38.1387748718, 38.5683441162, 38.9863014221, 39.4158706665, 39.8454399109, 40.2401809692, 40.6465301514, 41.0528793335, 41.4592285156, 41.8655776978, 42.2603149414, 42.6666641235, 43.0614051819, 43.4561424255, 43.8392753601, 44.22240448, 44.6171417236, 45.011882782, 45.4182319641, 45.8245811462, 46.2309303284, 46.6488876343, 47.0436286926, 47.4383659363, 47.8331069946, 48.2278442383, 48.6109733582, 48.994102478, 49.4004516602, 49.8068008423, 50.2247619629, 50.6427192688, 51.0606803894, 51.4902496338, 51.9082069397, 52.3377761841, 52.7673454285, 53.1969146729, 53.603263855, 54.0096130371, 54.4275741577, 54.8339233398, 55.2634925842, 55.6814498901, 56.0994110107, 56.5173683167, 56.9353294373, 57.3532867432, 57.7828559875, 58.2008171082, 58.6187744141, 59.0251235962, 59.4430847168, 59.8610420227, 60.2789993286, 60.6969604492, 61.1149177551, 61.5328788757, 61.9392280579, 62.3571853638, 62.7867546082, 63.2047157288, 63.6226730347, 64.0406341553, 64.4469833374, 64.864944458, 65.2712936401, 65.6892471313, 66.107208252, 66.5251693726, 66.9315185547, 67.3378677368, 67.7558288574, 68.1737823486, 68.5917434692, 68.9980926514, 69.416053772, 69.8340148926, 70.2635803223, 70.6931533813, 71.1111068726, 71.5174560547, 71.9354171753, 72.3533782959, 72.7713394165, 73.1892929077, 73.6072540283, 74.0252151489, 74.4315643311, 74.8379135132, 75.2558746338, 75.6854400635, 76.1034011841, 76.5097503662, 76.9277114868, 77.345664978, 77.7752380371, 78.2048034668, 78.6227645874, 79.040725708, 79.4702911377, 79.8766403198, 80.282989502, 80.6893386841, 81.1072998047, 81.5136489868, 81.9316101074, 82.349571228, 82.7675247192, 83.1738739014, 83.591835022, 84.0097961426, 84.4161453247, 84.8457107544, 85.2752838135, 85.7048492432, 86.1111984253, 86.5175476074, 86.935508728, 87.3534698486, 87.7714233398, 88.1893844604, 88.6073455811, 89.0253067017, 89.4432601929, 89.849609375, 90.2559585571, 90.6739196777, 91.0918807983, 91.4982299805, 91.9045791626, 92.3225402832, 92.7288894653, 93.1468429565, 93.5648040771, 93.9711532593, 94.3891143799, 94.8070755005, 95.2366409302, 95.6662139893, 96.0841674805, 96.5021286011, 96.9084777832, 97.3148269653, 97.7327880859, 98.1623535156, 98.5803146362, 98.9982757568, 99.4278411865, 99.8458023071, 100.263763428, 100.681724548, 101.111289978, 101.529251099, 101.958816528, 102.36516571, 102.783126831, 103.201087952, 103.619049072, 104.025398254, 104.431747437, 104.838096619, 105.25605011, 105.697235107, 106.126800537, 106.556373596, 107.055595398, 107.554824829, 108.05405426, 108.506843567, 108.948028564, 109.389205933, 109.818771362, 110.248344421, 110.677909851, 111.10748291, 111.525436401, 111.943397522, 112.361358643, 112.779319763, 113.197273254, 113.603622437, 114.021583557, 114.451156616, 114.869110107, 115.27545929, 115.681808472, 116.099769592, 116.506118774, 116.935691833, 117.353645325, 117.771606445, 118.189567566, 118.607528687, 119.025482178, 119.455055237, 119.873016357, 120.290969849, 120.697319031, 121.115280151, 121.533241272, 121.951202393, 122.369155884, 122.787117004, 123.205078125, 123.611427307, 124.017776489, 124.43573761, 124.86530304, 125.294876099, 125.71282959, 126.13079071, 126.548751831, 126.955101013, 127.373062134, 127.802627563, 128.220581055, 128.626937866, 129.033279419, 129.43963623, 129.845977783, 130.263946533, 130.693511963, 131.111465454, 131.529434204, 131.958999634, 132.376953125, 132.794921875, 133.212875366, 133.630844116, 134.037185669, 134.45513916, 134.861495972, 135.279449463, 135.697418213, 136.115371704, 136.533325195, 136.951293945, 137.357635498, 137.76399231, 138.181945801, 138.599899292, 139.017868042, 139.435821533, 139.853790283, 140.271743774, 140.701309204, 141.130874634, 141.548843384, 141.966796875, 142.396362305, 142.814331055, 143.220672607, 143.627029419, 144.033370972, 144.451339722, 144.869293213, 145.287246704, 145.705215454, 146.123168945, 146.541137695, 146.959091187, 147.377044678, 147.795013428, 148.212966919, 148.63092041, 149.037277222, 149.455230713, 149.861587524, 150.267929077, 150.685897827, 151.09223938, 151.51020813, 151.928161621, 152.346115112, 152.764083862, 153.182037354, 153.588394165, 153.994735718, 154.424301147, 154.853881836, 155.271835327, 155.689788818, 156.107757568, 156.52571106, 156.943664551, 157.361633301, 157.779586792, 158.197555542, 158.615509033, 159.021850586, 159.428207397, 159.846160889, 160.264129639, 160.68208313, 161.100036621, 161.518005371, 161.947570801, 162.365524292, 162.783493042, 163.213058472, 163.631011963, 164.048980713, 164.455322266, 164.861679077, 165.279632568, 165.69758606, 166.103942871, 166.510284424, 166.939865112, 167.369430542, 167.775772095, 168.205352783, 168.634918213, 169.064483643, 169.470840454, 169.877182007, 170.283538818, 170.689880371, 171.119445801, 171.549026489, 171.978591919, 172.419769287, 172.849334717, 173.290512085, 173.731704712, 174.17288208, 174.625671387, 175.078460693, 175.54284668, 175.995635986, 176.436828613, 176.88961792, 177.330795288, 177.771972656, 178.213150024, 178.619491577, 179.025848389, 179.432189941, 179.838546753, 180.256500244, 180.686080933, 181.115646362, 181.533599854, 181.951568604, 182.357910156, 182.764266968, 183.182220459, 183.60017395, 184.0181427, 184.436096191, 184.854049683, 185.272018433, 185.678359985, 186.107940674, 186.537506104, 186.955459595, 187.361816406, 187.779769897, 188.209335327, 188.638900757, 189.056869507, 189.486434937, 189.916000366, 190.333969116, 190.751922607, 191.158279419, 191.564620972, 191.970977783, 192.388931274, 192.783676147, 193.178405762, 193.596374512, 194.025939941, 194.455505371, 194.873458862, 195.291427612, 195.709381104, 196.138946533, 196.556915283, 196.963256836, 197.369613647, 197.7759552, 198.182312012, 198.600265503, 199.018234253, 199.436187744, 199.854141235, 200.272109985, 200.6668396, 201.08480835, 201.502761841, 201.932327271, 202.361907959, 202.77986145, 203.197814941, 203.615783691, 204.033737183, 204.440093994, 204.846435547, 205.264389038, 205.693969727, 206.111923218, 206.518280029, 206.936233521, 207.354187012, 207.772155762, 208.190109253, 208.608062744, 209.026031494, 209.443984985, 209.861953735, 210.279907227, 210.709472656, 211.139038086, 211.557006836, 211.986572266, 212.416137695, 212.868927002, 213.298492432, 213.72807312, 214.15763855, 214.598815918, 215.039993286, 215.469558716, 215.910751343, 216.351928711, 216.781494141, 217.164627075, 217.547744751, 217.930877686, 218.325622559, 218.790023804, 219.254425049, 219.730422974, 220.218048096, 220.694061279, 221.181671143, 221.680908203, 222.180130005, 222.679367065, 223.085708618, 223.49206543, 223.898406982, 224.304763794, 224.711105347, 225.117462158, 225.523803711, 225.918548584]
