
metadata:
    version:
        essentia: "2.1-beta2"
    audio_properties:
        analysis_sample_rate: 44100
        bitrate: 192
        channels: 2
        equal_loudness: 1
        length: 219.742034912
        replay_gain: -12.9281902313
        downmix: "mix"
    tags:
        album: "°¥ßÏ£¬²»´íÅ¶"
        artist: "ÖÜ½ÜÂ×"
        comment: ""
        date: "2014"
        genre: "华语流行音乐【Chinese Pop Music】"
        title: "ÎÒÒªÏÄÌì"
        tracknumber: "07"

configuration:
    average_loudness:
        compute: 1
        frameSize: 88200
        hopSize: 44100
        silentFrames: "noise"
        windowType: "hann"
    general:
        analysisSampleRate: 44100
        endTime: 2000
        equalLoudness: 1
        nequalLoudness: 0
        shortSound: 0
        startTime: 0
    lowlevel:
        compute: 1
        frameSize: 2048
        hopSize: 1024
        zeroPadding: 0
        silentFrames: "noise"
        windowType: "blackmanharris62"
        mfccStats: ["mean", "cov", "icov"]
        stats: ["mean", "var", "median", "min", "max", "dmean", "dmean2", "dvar", "dvar2"]
    panning:
        compute: 0
        frameSize: 8192
        hopSize: 2048
        zeroPadding: 8192
        silentFrames: "noise"
        windowType: "hann"
        stats: ["copy"]
    rhythm:
        compute: 1
        maxTempo: 208
        minTempo: 40
        method: "degara"
        stats: ["mean", "var", "median", "min", "max", "dmean", "dmean2", "dvar", "dvar2"]
    segmentation:
        compute: 0
        cpw: 5
        inc1: 300
        inc2: 50
        minimumSegmentsLength: 10
        size1: 1000
        size2: 600
    sfx:
        compute: 1
        stats: ["mean", "var", "median", "min", "max", "dmean", "dmean2", "dvar", "dvar2"]
    svm:
        compute: 0
    tonal:
        compute: 1
        frameSize: 4096
        hopSize: 2048
        zeroPadding: 0
        silentFrames: "noise"
        windowType: "blackmanharris62"
        stats: ["mean", "var", "median", "min", "max", "dmean", "dmean2", "dvar", "dvar2"]

lowlevel:
    average_loudness: 0.957029342651
    barkbands_kurtosis:
        dmean: 0.894063293934
        dmean2: 1.39782011509
        dvar: 4.65820026398
        dvar2: 9.95726394653
        max: 72.6268692017
        mean: -0.00298551935703
        median: -1.02243101597
        min: -1.90620779991
        var: 14.8219213486
    barkbands_skewness:
        dmean: 0.390225321054
        dmean2: 0.594364523888
        dvar: 0.187129721045
        dvar2: 0.403908580542
        max: 7.61750650406
        mean: 0.431759923697
        median: 0.334209233522
        min: -3.92363142967
        var: 0.804173469543
    barkbands_spread:
        dmean: 5.10145139694
        dmean2: 7.87768220901
        dvar: 34.2701950073
        dvar2: 79.0331802368
        max: 72.1345825195
        mean: 29.2938747406
        median: 29.9425868988
        min: 1.25454735756
        var: 103.966300964
    dissonance:
        dmean: 0.0167562086135
        dmean2: 0.0280477665365
        dvar: 0.000274692545645
        dvar2: 0.00074719247641
        max: 0.5
        mean: 0.468460649252
        median: 0.47423684597
        min: 0.306837946177
        var: 0.000545093324035
    hfc:
        dmean: 1.98206222057
        dmean2: 3.06703710556
        dvar: 6.30734968185
        dvar2: 14.2139892578
        max: 39.5153160095
        mean: 7.81175136566
        median: 7.67877340317
        min: 1.14992372356e-16
        var: 21.6257858276
    pitch:
        dmean: 533.489562988
        dmean2: 1029.36608887
        dvar: 1294645.125
        dvar2: 3124754.5
        max: 5091.92285156
        mean: 719.354064941
        median: 217.598510742
        min: 72.9468307495
        var: 1446150.625
    pitch_instantaneous_confidence:
        dmean: 0.0883886963129
        dmean2: 0.135629102588
        dvar: 0.00610078824684
        dvar2: 0.0131803611293
        max: 0.911254167557
        mean: 0.450759649277
        median: 0.441879034042
        min: 0.123470187187
        var: 0.0209549702704
    pitch_salience:
        dmean: 0.0601986125112
        dmean2: 0.096634760499
        dvar: 0.00291714351624
        dvar2: 0.00754867773503
        max: 0.900757431984
        mean: 0.62002158165
        median: 0.628203034401
        min: 0.158174514771
        var: 0.00860449578613
    silence_rate_20dB:
        dmean: 0
        dmean2: 0
        dvar: 0
        dvar2: 0
        max: 1
        mean: 1
        median: 1
        min: 1
        var: 0
    silence_rate_30dB:
        dmean: 0
        dmean2: 0
        dvar: 0
        dvar2: 0
        max: 1
        mean: 1
        median: 1
        min: 1
        var: 0
    silence_rate_60dB:
        dmean: 0.0619188509881
        dmean2: 0.123850785196
        dvar: 0.058090262115
        dvar2: 0.13070897758
        max: 1
        mean: 0.16946645081
        median: 0
        min: 0
        var: 0.14076282084
    spectral_centroid:
        dmean: 250.220840454
        dmean2: 387.331085205
        dvar: 96380.8046875
        dvar2: 192324.03125
        max: 11208.4423828
        mean: 1443.54504395
        median: 1386.39770508
        min: 162.225814819
        var: 364955.78125
    spectral_complexity:
        dmean: 3.17814874649
        dmean2: 5.08020734787
        dvar: 10.4134931564
        dvar2: 24.4425392151
        max: 39
        mean: 15.7209720612
        median: 17
        min: 0
        var: 51.9337806702
    spectral_crest:
        dmean: 2.02643299103
        dmean2: 3.2899711132
        dvar: 3.8679766655
        dvar2: 9.7398853302
        max: 22.6797676086
        mean: 7.22042131424
        median: 6.40070676804
        min: 2.20993733406
        var: 10.2911977768
    spectral_decrease:
        dmean: 2.64420624285e-10
        dmean2: 4.10100842174e-10
        dvar: 7.00794329668e-20
        dvar2: 1.59107221472e-19
        max: -8.58122988394e-30
        mean: -1.22813537118e-09
        median: -1.2156485818e-09
        min: -3.73983688462e-09
        var: 3.52620813729e-19
    spectral_energy:
        dmean: 0.00113234762102
        dmean2: 0.00175322243012
        dvar: 1.28500835217e-06
        dvar2: 2.92393360724e-06
        max: 0.0160941369832
        mean: 0.00534381112084
        median: 0.00529076345265
        min: 1.04625382401e-20
        var: 6.57053305986e-06
    spectral_energyband_high:
        dmean: 0.000127588355099
        dmean2: 0.000203616029467
        dvar: 5.78969832077e-08
        dvar2: 1.28391604903e-07
        max: 0.00431401235983
        mean: 0.000272089149803
        median: 0.000197707006009
        min: 7.68515412547e-21
        var: 1.14729644451e-07
    spectral_energyband_low:
        dmean: 0.000234385268413
        dmean2: 0.000404021819122
        dvar: 1.86173309658e-07
        dvar2: 5.12279996201e-07
        max: 0.00410102121532
        mean: 0.000414360198192
        median: 0.000296477519441
        min: 6.41160900215e-23
        var: 1.83291035682e-07
    spectral_energyband_middle_high:
        dmean: 0.000630391587038
        dmean2: 0.000952109636273
        dvar: 4.56235682122e-07
        dvar2: 1.02468982277e-06
        max: 0.00919145718217
        mean: 0.00239461800084
        median: 0.00228297896683
        min: 1.49887772519e-21
        var: 2.32412708101e-06
    spectral_energyband_middle_low:
        dmean: 0.000760565395467
        dmean2: 0.00118290435057
        dvar: 7.19531783488e-07
        dvar2: 1.67920109106e-06
        max: 0.010810829699
        mean: 0.00237241643481
        median: 0.00211063725874
        min: 2.69882164643e-22
        var: 2.44466582444e-06
    spectral_flatness_db:
        dmean: 0.014726255089
        dmean2: 0.0224156919867
        dvar: 0.000224588380661
        dvar2: 0.000469547638204
        max: 0.336942851543
        mean: 0.134977504611
        median: 0.127873271704
        min: 0.0580591484904
        var: 0.00125798024237
    spectral_flux:
        dmean: 0.00831845402718
        dmean2: 0.0125094018877
        dvar: 6.12082658336e-05
        dvar2: 0.000130718413857
        max: 0.0949556306005
        mean: 0.0395866334438
        median: 0.0392206460238
        min: 1.02286547288e-10
        var: 0.00025675795041
    spectral_kurtosis:
        dmean: 1.12721979618
        dmean2: 1.80980408192
        dvar: 3.28372168541
        dvar2: 9.05715179443
        max: 67.5097579956
        mean: 4.61242008209
        median: 4.16544485092
        min: -1.18328273296
        var: 18.1285896301
    spectral_rms:
        dmean: 0.000243867092649
        dmean2: 0.000373564427719
        dvar: 5.69632376823e-08
        dvar2: 1.25438774035e-07
        max: 0.00396252423525
        mean: 0.00218161032535
        median: 0.002271941863
        min: 3.19489508634e-12
        var: 4.54037405007e-07
    spectral_rolloff:
        dmean: 453.336853027
        dmean2: 739.422302246
        dvar: 368310.625
        dvar2: 795865.6875
        max: 18712.3535156
        mean: 2841.29150391
        median: 3014.6484375
        min: 107.666015625
        var: 1134586.75
    spectral_skewness:
        dmean: 0.175209715962
        dmean2: 0.267493665218
        dvar: 0.0431462191045
        dvar2: 0.0931720808148
        max: 6.89326858521
        mean: 1.64671707153
        median: 1.64507603645
        min: 0.0278267562389
        var: 0.236139133573
    spectral_spread:
        dmean: 511714.03125
        dmean2: 752202.4375
        dvar: 452402053120
        dvar2: 803703226368
        max: 40344564
        mean: 5228901
        median: 5053822.5
        min: 1212916.25
        var: 2.55599286682e+12
    spectral_strongpeak:
        dmean: 0.426558792591
        dmean2: 0.716167271137
        dvar: 0.424390733242
        dvar2: 1.02462637424
        max: 7.63760185242
        mean: 0.775665700436
        median: 0.502536952496
        min: 2.48762566102e-09
        var: 0.724803805351
    zerocrossingrate:
        dmean: 0.00856308266521
        dmean2: 0.0100916791707
        dvar: 9.87959574559e-05
        dvar2: 0.000106074854557
        max: 0.49462890625
        mean: 0.0847464352846
        median: 0.083984375
        min: 0.01025390625
        var: 0.000830555218272
    barkbands:
        dmean: [1.02611011243e-06, 9.67947053141e-05, 0.000124248253996, 0.000139612762723, 0.000228389762924, 0.000248770229518, 0.000179261041922, 0.000321709783748, 0.00017886167916, 0.000136466420372, 5.55292790523e-05, 0.000142930686707, 5.58447645744e-05, 5.0280810683e-05, 7.79336478445e-05, 0.000100658668089, 0.000148385341163, 0.000183950920473, 0.000178313464858, 0.00013279216364, 6.16967881797e-05, 2.15221843973e-05, 6.93540323482e-06, 3.68326459466e-06, 1.85700253041e-06, 8.59625828298e-08, 6.20723528133e-10]
        dmean2: [1.55385782818e-06, 0.000163427888765, 0.000221845097258, 0.000234079474467, 0.000366096530342, 0.000388465443393, 0.000279445870547, 0.000513095699716, 0.000273577286862, 0.000206235505175, 8.32108635223e-05, 0.00021900581487, 8.81226296769e-05, 7.93740691734e-05, 0.000122427518363, 0.000157438276801, 0.000234708466451, 0.000293755816529, 0.000288196955808, 0.000217852255446, 0.000100140830909, 3.35901968356e-05, 1.0467229913e-05, 5.58154169994e-06, 2.86462363874e-06, 1.32137230935e-07, 1.01732766655e-09]
        dvar: [2.5825971136e-12, 3.27124674016e-08, 6.73829205766e-08, 7.04897260562e-08, 1.10992239399e-07, 1.62952034088e-07, 1.00113780377e-07, 3.4439253227e-07, 1.05017356589e-07, 5.74589691382e-08, 3.83688210093e-08, 9.84791910241e-08, 1.27773711611e-08, 1.14534151052e-08, 1.51368109158e-08, 2.94411819368e-08, 4.81732378432e-08, 7.89715173255e-08, 7.52933644321e-08, 4.80834110306e-08, 1.3882791805e-08, 4.32689484242e-09, 4.15963791189e-10, 1.64536134717e-10, 1.90086262702e-11, 2.34767531072e-14, 1.13623141942e-18]
        dvar2: [5.25314644215e-12, 8.81636736949e-08, 1.93485902855e-07, 1.87527675166e-07, 2.60803801666e-07, 3.63428370065e-07, 2.33544369621e-07, 8.54084987623e-07, 2.24957773298e-07, 1.26254434463e-07, 8.02955923973e-08, 2.31503861414e-07, 2.95134121586e-08, 2.7793614521e-08, 3.6696530259e-08, 6.83947831703e-08, 1.02787147682e-07, 1.81279432354e-07, 1.72868539039e-07, 1.19506665897e-07, 3.16591162175e-08, 9.61128954202e-09, 8.51168135974e-10, 3.6239522494e-10, 4.48551508436e-11, 5.00112985421e-14, 2.67132229919e-18]
        max: [1.52208722284e-05, 0.00165987666696, 0.00254007754847, 0.00574439670891, 0.00590049987659, 0.00740715675056, 0.00788279436529, 0.00880546495318, 0.00662262737751, 0.00485402718186, 0.00609808182344, 0.00645565195009, 0.00362232327461, 0.00201291078702, 0.0021397806704, 0.00271113729104, 0.00510323792696, 0.00555121107027, 0.00719000864774, 0.004035288468, 0.00278472178616, 0.00189306715038, 0.000383184145903, 0.000215634587221, 0.000104872298834, 2.94231335829e-06, 1.51163099815e-08]
        mean: [1.45278261243e-06, 0.000152861510287, 0.000176693036337, 0.000203131407034, 0.00042235548608, 0.000462543976028, 0.000348341593053, 0.000516289961524, 0.000378293392714, 0.000269978336291, 9.93726280285e-05, 0.000295959733194, 9.52013142523e-05, 8.21247449494e-05, 0.000133896726766, 0.000189906379092, 0.000313238822855, 0.000377003103495, 0.000384320272133, 0.00026826543035, 0.000112883906695, 3.69436311303e-05, 1.24977404994e-05, 6.49322055324e-06, 3.59068030775e-06, 1.70087844253e-07, 1.06249087306e-09]
        median: [8.38569235384e-07, 0.000110343717097, 0.000117905132356, 7.16227514204e-05, 0.000261638895608, 0.000263987574726, 0.00019558306667, 0.00018714426551, 0.000170649087522, 0.000125170350657, 2.34226063185e-05, 7.98304390628e-05, 5.24967254023e-05, 3.66536114598e-05, 8.26318791951e-05, 0.00011085823644, 0.000215478707105, 0.000272169098025, 0.000308410439175, 0.000209232064663, 7.42193733458e-05, 1.60259223776e-05, 5.5163518482e-06, 3.22328924085e-06, 2.20280912799e-06, 9.56111492201e-08, 5.24983612138e-10]
        min: [5.77620994198e-23, 2.53987936378e-23, 1.19156146002e-23, 8.76309686439e-24, 3.25128706542e-23, 4.88352610639e-23, 7.3310421644e-23, 5.83207896456e-23, 2.55863958051e-23, 6.62024945871e-23, 2.65270509034e-23, 5.11150091266e-23, 6.89329378176e-23, 1.46564840475e-22, 1.03714351554e-22, 1.51886193219e-22, 1.75795595379e-22, 2.09163995152e-22, 3.56187662372e-22, 2.44072857256e-22, 5.47299074268e-22, 4.73106365344e-22, 6.49478700086e-22, 8.56894188197e-22, 1.41195721887e-21, 1.53163789427e-21, 2.25101169004e-21]
        var: [3.87386433695e-12, 2.89041253154e-08, 5.15642497589e-08, 1.35082927954e-07, 2.52589813954e-07, 4.0442321847e-07, 2.45630985773e-07, 7.94940717697e-07, 3.11350873972e-07, 1.70397612465e-07, 1.08220653772e-07, 4.05594676067e-07, 2.57048444752e-08, 1.99487661945e-08, 2.80153997778e-08, 6.52223093311e-08, 1.48147520918e-07, 1.81839041602e-07, 1.52777715812e-07, 7.24753235204e-08, 2.60990180578e-08, 9.12452247093e-09, 7.96741728148e-10, 2.43175951598e-10, 3.24113999528e-11, 5.27043347658e-14, 2.11820647591e-18]
    frequency_bands:
        dmean: [1.02611011243e-06, 9.67947053141e-05, 0.000124248253996, 0.000139612762723, 0.000228389762924, 0.000248770229518, 0.000179261041922, 0.000321709783748, 0.00017886167916, 0.000136466420372, 5.55292790523e-05, 0.000142930686707, 5.58447645744e-05, 5.0280810683e-05, 7.79336478445e-05, 0.000100658668089, 0.000148385341163, 0.000183950920473, 0.000178313464858, 0.00013279216364, 6.16967881797e-05, 2.15221843973e-05, 6.93540323482e-06, 3.68326459466e-06, 1.85700253041e-06, 8.59625828298e-08, 6.20723528133e-10, 6.22922755045e-11]
        dmean2: [1.55385782818e-06, 0.000163427888765, 0.000221845097258, 0.000234079474467, 0.000366096530342, 0.000388465443393, 0.000279445870547, 0.000513095699716, 0.000273577286862, 0.000206235505175, 8.32108635223e-05, 0.00021900581487, 8.81226296769e-05, 7.93740691734e-05, 0.000122427518363, 0.000157438276801, 0.000234708466451, 0.000293755816529, 0.000288196955808, 0.000217852255446, 0.000100140830909, 3.35901968356e-05, 1.0467229913e-05, 5.58154169994e-06, 2.86462363874e-06, 1.32137230935e-07, 1.01732766655e-09, 1.15425571878e-10]
        dvar: [2.5825971136e-12, 3.27124674016e-08, 6.73829205766e-08, 7.04897260562e-08, 1.10992239399e-07, 1.62952034088e-07, 1.00113780377e-07, 3.4439253227e-07, 1.05017356589e-07, 5.74589691382e-08, 3.83688210093e-08, 9.84791910241e-08, 1.27773711611e-08, 1.14534151052e-08, 1.51368109158e-08, 2.94411819368e-08, 4.81732378432e-08, 7.89715173255e-08, 7.52933644321e-08, 4.80834110306e-08, 1.3882791805e-08, 4.32689484242e-09, 4.15963791189e-10, 1.64536134717e-10, 1.90086262702e-11, 2.34767531072e-14, 1.13623141942e-18, 6.4753915744e-21]
        dvar2: [5.25314644215e-12, 8.81636736949e-08, 1.93485902855e-07, 1.87527675166e-07, 2.60803801666e-07, 3.63428370065e-07, 2.33544369621e-07, 8.54084987623e-07, 2.24957773298e-07, 1.26254434463e-07, 8.02955923973e-08, 2.31503861414e-07, 2.95134121586e-08, 2.7793614521e-08, 3.6696530259e-08, 6.83947831703e-08, 1.02787147682e-07, 1.81279432354e-07, 1.72868539039e-07, 1.19506665897e-07, 3.16591162175e-08, 9.61128954202e-09, 8.51168135974e-10, 3.6239522494e-10, 4.48551508436e-11, 5.00112985421e-14, 2.67132229919e-18, 2.03697975667e-20]
        max: [1.52208722284e-05, 0.00165987666696, 0.00254007754847, 0.00574439670891, 0.00590049987659, 0.00740715675056, 0.00788279436529, 0.00880546495318, 0.00662262737751, 0.00485402718186, 0.00609808182344, 0.00645565195009, 0.00362232327461, 0.00201291078702, 0.0021397806704, 0.00271113729104, 0.00510323792696, 0.00555121107027, 0.00719000864774, 0.004035288468, 0.00278472178616, 0.00189306715038, 0.000383184145903, 0.000215634587221, 0.000104872298834, 2.94231335829e-06, 1.51163099815e-08, 8.87595164034e-10]
        mean: [1.45278261243e-06, 0.000152861510287, 0.000176693036337, 0.000203131407034, 0.00042235548608, 0.000462543976028, 0.000348341593053, 0.000516289961524, 0.000378293392714, 0.000269978336291, 9.93726280285e-05, 0.000295959733194, 9.52013142523e-05, 8.21247449494e-05, 0.000133896726766, 0.000189906379092, 0.000313238822855, 0.000377003103495, 0.000384320272133, 0.00026826543035, 0.000112883906695, 3.69436311303e-05, 1.24977404994e-05, 6.49322055324e-06, 3.59068030775e-06, 1.70087844253e-07, 1.06249087306e-09, 4.93736718177e-11]
        median: [8.38569235384e-07, 0.000110343717097, 0.000117905132356, 7.16227514204e-05, 0.000261638895608, 0.000263987574726, 0.00019558306667, 0.00018714426551, 0.000170649087522, 0.000125170350657, 2.34226063185e-05, 7.98304390628e-05, 5.24967254023e-05, 3.66536114598e-05, 8.26318791951e-05, 0.00011085823644, 0.000215478707105, 0.000272169098025, 0.000308410439175, 0.000209232064663, 7.42193733458e-05, 1.60259223776e-05, 5.5163518482e-06, 3.22328924085e-06, 2.20280912799e-06, 9.56111492201e-08, 5.24983612138e-10, 1.97529093776e-11]
        min: [5.77620994198e-23, 2.53987936378e-23, 1.19156146002e-23, 8.76309686439e-24, 3.25128706542e-23, 4.88352610639e-23, 7.3310421644e-23, 5.83207896456e-23, 2.55863958051e-23, 6.62024945871e-23, 2.65270509034e-23, 5.11150091266e-23, 6.89329378176e-23, 1.46564840475e-22, 1.03714351554e-22, 1.51886193219e-22, 1.75795595379e-22, 2.09163995152e-22, 3.56187662372e-22, 2.44072857256e-22, 5.47299074268e-22, 4.73106365344e-22, 6.49478700086e-22, 8.56894188197e-22, 1.41195721887e-21, 1.53163789427e-21, 2.25101169004e-21, 7.98578914267e-22]
        var: [3.87386433695e-12, 2.89041253154e-08, 5.15642497589e-08, 1.35082927954e-07, 2.52589813954e-07, 4.0442321847e-07, 2.45630985773e-07, 7.94940717697e-07, 3.11350873972e-07, 1.70397612465e-07, 1.08220653772e-07, 4.05594676067e-07, 2.57048444752e-08, 1.99487661945e-08, 2.80153997778e-08, 6.52223093311e-08, 1.48147520918e-07, 1.81839041602e-07, 1.52777715812e-07, 7.24753235204e-08, 2.60990180578e-08, 9.12452247093e-09, 7.96741728148e-10, 2.43175951598e-10, 3.24113999528e-11, 5.27043347658e-14, 2.11820647591e-18, 5.6233915045e-21]
    mfcc:
        mean: [-702.847900391, 112.096839905, -37.1627082825, 45.3563117981, -9.7966632843, -16.0878391266, 2.35480213165, -2.16705989838, -1.52045404911, -0.840165793896, -0.906354546547, -0.310167819262, 0.244355753064]
        cov: [[6897.04394531, 386.574005127, -919.405212402, 150.929000854, -420.99105835, -248.275009155, -39.3349647522, 55.9852790833, 123.379844666, 91.3357467651, 111.860603333, 15.8289146423, 1.08401930332], [386.574005127, 867.56463623, -253.123046875, 31.0135307312, 43.8507118225, -95.4836883545, 69.7988204956, -20.8163394928, -44.0534973145, -8.94712638855, -9.70823287964, 11.6230258942, 16.3782463074], [-919.405212402, -253.123046875, 451.185119629, 44.3882331848, 67.5318908691, 102.308982849, -27.3870716095, -15.3346252441, -44.5651245117, -26.1616191864, -22.9686279297, -14.6172895432, -12.6537103653], [150.929000854, 31.0135307312, 44.3882331848, 345.285888672, 104.766876221, -26.4755706787, -37.41746521, -29.9702911377, -0.957697331905, -5.79458189011, -43.6718635559, 5.4790148735, 12.3014001846], [-420.99105835, 43.8507118225, 67.5318908691, 104.766876221, 174.899902344, 2.60355067253, -34.7679901123, -24.7548847198, -16.7647418976, -6.36637496948, -36.3595733643, 0.26791831851, 7.40985012054], [-248.275009155, -95.4836883545, 102.308982849, -26.4755706787, 2.60355067253, 161.967224121, 34.8433685303, -8.37149906158, -22.0549755096, -11.8279256821, 13.4341402054, -6.88369560242, -6.93756437302], [-39.3349647522, 69.7988204956, -27.3870716095, -37.41746521, -34.7679901123, 34.8433685303, 117.465698242, 28.0193061829, -2.80962181091, -2.78578901291, 15.1727056503, 5.99223423004, -5.25246620178], [55.9852790833, -20.8163394928, -15.3346252441, -29.9702911377, -24.7548847198, -8.37149906158, 28.0193061829, 79.7662582397, 27.8912887573, -0.724368572235, 3.16646432877, -4.16640377045, -0.935018777847], [123.379844666, -44.0534973145, -44.5651245117, -0.957697331905, -16.7647418976, -22.0549755096, -2.80962181091, 27.8912887573, 109.785942078, 35.4078063965, 6.89329814911, -1.38692319393, -14.517206192], [91.3357467651, -8.94712638855, -26.1616191864, -5.79458189011, -6.36637496948, -11.8279256821, -2.78578901291, -0.724368572235, 35.4078063965, 67.0869064331, 23.1956558228, 0.419758558273, -4.80407571793], [111.860603333, -9.70823287964, -22.9686279297, -43.6718635559, -36.3595733643, 13.4341402054, 15.1727056503, 3.16646432877, 6.89329814911, 23.1956558228, 68.4804840088, 13.7857980728, -2.84975838661], [15.8289146423, 11.6230258942, -14.6172895432, 5.4790148735, 0.26791831851, -6.88369560242, 5.99223423004, -4.16640377045, -1.38692319393, 0.419758558273, 13.7857980728, 58.5018539429, 24.0520172119], [1.08401930332, 16.3782463074, -12.6537103653, 12.3014001846, 7.40985012054, -6.93756437302, -5.25246620178, -0.935018777847, -14.517206192, -4.80407571793, -2.84975838661, 24.0520172119, 56.472568512]]
        icov: [[0.000271130964393, -5.00415917486e-05, 0.000487934303237, -0.000410426669987, 0.000737345428206, -7.69101752667e-05, 0.000426658429205, -0.000221110967686, 0.000106098217657, -0.000129741558339, -0.000190206206753, 1.6870933905e-05, 0.00013732156367], [-5.00415917486e-05, 0.00177778827492, 0.000855101039633, 4.33596105722e-05, -0.00106281973422, 0.000982530182227, -0.00163782958407, 0.000745630590245, 0.000848767755087, 0.000194928928977, 1.12241086754e-05, 0.000264128990239, -8.9466717327e-05], [0.000487934303237, 0.000855101039633, 0.00441110366955, -0.000981173478067, 0.000158162394655, -0.00174027308822, 0.00117307156324, -0.00075459695654, 0.00163170916494, -3.58137367584e-05, 0.000284110254142, -2.91752130579e-05, 0.00124999752734], [-0.000410426669987, 4.33596105722e-05, -0.000981173478067, 0.00442495476454, -0.00291541707702, 0.000712105305865, -0.00061003328301, 0.00134885823354, -0.00081087986473, 0.000225122872507, 0.00161691685207, -0.000423716875957, -0.00068006280344], [0.000737345428206, -0.00106281973422, 0.000158162394655, -0.00291541707702, 0.010635593906, -0.00123721372802, 0.0032468624413, -0.000248668889981, 0.000711182365194, -0.00170489028096, 0.00273157353513, -0.000957648095209, 0.000298457307508], [-7.69101752667e-05, 0.000982530182227, -0.00174027308822, 0.000712105305865, -0.00123721372802, 0.00933743268251, -0.00425302004442, 0.00242765457369, 0.000316610443406, 0.00164542160928, -0.00251055089757, 0.00185932661407, -0.000571708951611], [0.000426658429205, -0.00163782958407, 0.00117307156324, -0.00061003328301, 0.0032468624413, -0.00425302004442, 0.0135377757251, -0.00545407226309, 0.00123352487572, -0.000658964039758, -0.000388953863876, -0.00260520167649, 0.00243386276998], [-0.000221110967686, 0.000745630590245, -0.00075459695654, 0.00134885823354, -0.000248668889981, 0.00242765457369, -0.00545407226309, 0.0173150002956, -0.00519596878439, 0.00324103166349, -0.00037879528827, 0.00278098788112, -0.00282819126733], [0.000106098217657, 0.000848767755087, 0.00163170916494, -0.00081087986473, 0.000711182365194, 0.000316610443406, 0.00123352487572, -0.00519596878439, 0.0142477713525, -0.00718281883746, 0.00183084607124, -0.0019652468618, 0.00424931803718], [-0.000129741558339, 0.000194928928977, -3.58137367584e-05, 0.000225122872507, -0.00170489028096, 0.00164542160928, -0.000658964039758, 0.00324103166349, -0.00718281883746, 0.021725691855, -0.00805231742561, 0.00251850602217, -0.00117015955038], [-0.000190206206753, 1.12241086754e-05, 0.000284110254142, 0.00161691685207, 0.00273157353513, -0.00251055089757, -0.000388953863876, -0.00037879528827, 0.00183084607124, -0.00805231742561, 0.0220560785383, -0.00652436725795, 0.00267998757772], [1.6870933905e-05, 0.000264128990239, -2.91752130579e-05, -0.000423716875957, -0.000957648095209, 0.00185932661407, -0.00260520167649, 0.00278098788112, -0.0019652468618, 0.00251850602217, -0.00652436725795, 0.0235376954079, -0.0104783978313], [0.00013732156367, -8.9466717327e-05, 0.00124999752734, -0.00068006280344, 0.000298457307508, -0.000571708951611, 0.00243386276998, -0.00282819126733, 0.00424931803718, -0.00117015955038, 0.00267998757772, -0.0104783978313, 0.0238202642649]]
    sccoeffs:
        dmean: [0.0488748028874, 0.046928729862, 0.0383633859456, 0.0306956041604, 0.023718945682, 0.0167180579156]
        dmean2: [0.0820284038782, 0.0764437094331, 0.060971852392, 0.0492457225919, 0.0372459217906, 0.02693009004]
        dvar: [0.00165197718889, 0.00150435545947, 0.000988768180832, 0.000628991168924, 0.000420035852585, 0.00023691757815]
        dvar2: [0.00449663912877, 0.00387160200626, 0.00248645921238, 0.00154100905638, 0.000961109588388, 0.000575837970246]
        max: [-0.442476809025, -0.47004750371, -0.425158560276, -0.551258265972, -0.594701588154, -0.65917557478]
        mean: [-0.699344396591, -0.714825868607, -0.745305776596, -0.778414666653, -0.779402077198, -0.792475938797]
        median: [-0.705342531204, -0.716690719128, -0.751866519451, -0.780978679657, -0.77977836132, -0.79353582859]
        min: [-0.945113003254, -0.961235105991, -0.964740514755, -0.956867277622, -0.957978606224, -0.958510935307]
        var: [0.00399963231757, 0.00475448416546, 0.00580929359421, 0.00270567904226, 0.00193296815269, 0.00117161951493]
    scvalleys:
        dmean: [0.336258888245, 0.337099939585, 0.310898452997, 0.280064731836, 0.26340675354, 0.276719868183]
        dmean2: [0.565424203873, 0.543823182583, 0.486800521612, 0.42879909277, 0.393580287695, 0.381963372231]
        dvar: [0.0877972170711, 0.100065760314, 0.0884290337563, 0.089336194098, 0.104727931321, 0.12981377542]
        dvar2: [0.216423526406, 0.224132239819, 0.187002599239, 0.170389652252, 0.204624950886, 0.224151715636]
        max: [-5.30382823944, -4.75412940979, -5.42068481445, -5.81444406509, -5.56443500519, -7.20599603653]
        mean: [-6.62427902222, -6.43508625031, -7.0580534935, -7.46579027176, -7.21500825882, -9.5810136795]
        median: [-6.39289331436, -6.2035369873, -6.79981708527, -7.20948648453, -6.88873147964, -9.28485012054]
        min: [-27.7954025269, -27.5376224518, -26.9691486359, -27.5188751221, -27.2520961761, -27.2022342682]
        var: [2.06992220879, 1.80742537975, 1.74331772327, 1.66098213196, 1.76713216305, 1.89320456982]

rhythm:
    beats_loudness:
        dmean: 0.00189251662232
        dmean2: 0.00331317214295
        dvar: 2.54335327554e-06
        dvar2: 7.44585804568e-06
        max: 0.0153740607202
        mean: 0.00627640262246
        median: 0.00626113079488
        min: 7.79796366368e-12
        var: 6.59990882923e-06
    bpm: 161.552261353
    bpm_confidence: 0
    first_peak_bpm: 161
    first_peak_spread: 0.289855062962
    first_peak_weight: 0.674698829651
    onset_rate: 3.65883541107
    second_peak_bpm: 152
    second_peak_spread: 0
    second_peak_weight: 0.0137693630531
    beats_loudness_band_ratio:
        dmean: [0.123272746801, 0.112272620201, 0.12925966084, 0.0915040820837, 0.0918870866299, 0.0870337709785]
        dmean2: [0.222585633397, 0.201006069779, 0.231771752238, 0.166053876281, 0.157884761691, 0.153062313795]
        dvar: [0.0139496270567, 0.0117334425449, 0.0122131900862, 0.0112176463008, 0.0070035699755, 0.010128678754]
        dvar2: [0.0436412356794, 0.0335026308894, 0.0353110693395, 0.0363890193403, 0.0209355000407, 0.0305971242487]
        max: [0.906477987766, 0.951580524445, 0.701378822327, 0.644060850143, 0.562385857105, 0.843295991421]
        mean: [0.177545398474, 0.165209814906, 0.224288552999, 0.125812396407, 0.192903801799, 0.147869378328]
        median: [0.102440826595, 0.123587429523, 0.199205830693, 0.0986303389072, 0.183541834354, 0.126882359385]
        min: [0, 0, 0, 0, 0, 0]
        var: [0.0314904265106, 0.0171983819455, 0.0207972209901, 0.0118539175019, 0.0105756483972, 0.00972143094987]
    beats_position: [0.325079351664, 0.673378646374, 1.04489791393, 1.4164172411, 1.78793644905, 2.15945577621, 2.53097510338, 2.90249419212, 3.28562355042, 3.66875267029, 4.04027223587, 4.41179132462, 4.78331041336, 5.15482997894, 5.52634906769, 5.90947818756, 6.29260778427, 6.66412687302, 7.03564596176, 7.40716552734, 7.77868461609, 8.15020370483, 8.53333282471, 8.91646194458, 9.287981987, 9.65950107574, 10.0310201645, 10.4025392532, 10.7856683731, 11.1687984467, 11.5403175354, 11.9118366241, 12.2833557129, 12.6548748016, 13.0263938904, 13.3979139328, 13.7810430527, 14.1641721725, 14.5356912613, 14.90721035, 15.2787294388, 15.6618595123, 16.0449886322, 16.4165077209, 16.7880268097, 17.1595458984, 17.5310649872, 17.9025840759, 18.2857131958, 18.6572322845, 19.0403633118, 19.4118824005, 19.7834014893, 20.154920578, 20.5380496979, 20.9095687866, 21.2926979065, 21.6642169952, 22.035736084, 22.4072551727, 22.7787742615, 23.1502952576, 23.5334243774, 23.9165534973, 24.2880725861, 24.6595916748, 25.0311107635, 25.4026298523, 25.7973690033, 26.168888092, 26.5404071808, 26.9119262695, 27.2834453583, 27.6549663544, 28.0264854431, 28.409614563, 28.7927436829, 29.1642627716, 29.5357818604, 29.9073009491, 30.2788200378, 30.6503391266, 31.0218582153, 31.4049873352, 31.776506424, 32.1596374512, 32.5311546326, 32.9026756287, 33.2741928101, 33.6457138062, 34.028842926, 34.4119720459, 34.783493042, 35.1550102234, 35.5381393433, 35.9212684631, 36.2927894592, 36.6643066406, 37.0358276367, 37.4073448181, 37.7788658142, 38.1503829956, 38.5219039917, 38.9050331116, 39.2881622314, 39.6596832275, 40.0312004089, 40.402721405, 40.7742385864, 41.1573677063, 41.5404968262, 41.9120178223, 42.2835350037, 42.6550559998, 43.0265769958, 43.3980941772, 43.7812232971, 44.164352417, 44.5358734131, 44.9073905945, 45.2789115906, 45.650428772, 46.0335578918, 46.4166870117, 46.7882080078, 47.1597251892, 47.5428581238, 47.9027671814, 48.2742843628, 48.6458053589, 49.0173225403, 49.4120635986, 49.7951927185, 50.1783218384, 50.5498390198, 50.9213600159, 51.2928771973, 51.6643981934, 52.0359191895, 52.4074363708, 52.7789573669, 53.1504745483, 53.5336036682, 53.9167327881, 54.2882537842, 54.6597709656, 55.0312919617, 55.4028091431, 55.7859382629, 56.1690673828, 56.5405883789, 56.9237174988, 57.2952384949, 57.6667556763, 58.0498847961, 58.4214057922, 58.7929229736, 59.1644439697, 59.5359611511, 59.9074821472, 60.2789993286, 60.6621322632, 61.0452613831, 61.4167785645, 61.7882995605, 62.1598167419, 62.531337738, 62.9028549194, 63.2859840393, 63.6691131592, 64.0406341553, 64.4121551514, 64.7836685181, 65.1551895142, 65.5267105103, 65.9098434448, 66.29296875, 66.6644897461, 67.0360107422, 67.4075241089, 67.779045105, 68.1505661011, 68.5336914062, 68.9168243408, 69.2883453369, 69.659866333, 70.0313796997, 70.4029006958, 70.7860336304, 71.1691589355, 71.5406799316, 71.9122009277, 72.2837142944, 72.6552352905, 73.0267562866, 73.4098815918, 73.7930145264, 74.1645355225, 74.5476608276, 74.9191818237, 75.2907028198, 75.673828125, 76.0453491211, 76.4168701172, 76.7883911133, 77.15990448, 77.5314254761, 77.9261627197, 78.2976837158, 78.6692047119, 79.040725708, 79.4122467041, 79.7837600708, 80.1668930054, 80.5500183105, 80.9215393066, 81.2930603027, 81.6645812988, 82.0360946655, 82.4076156616, 82.7791366577, 83.1622695923, 83.5453948975, 83.9169158936, 84.2884368896, 84.6599502563, 85.0314712524, 85.4029922485, 85.7861175537, 86.1692504883, 86.5407714844, 86.9122848511, 87.2838058472, 87.6553268433, 88.0268478394, 88.4099731445, 88.7931060791, 89.1646270752, 89.5361404419, 89.907661438, 90.2791824341, 90.6623077393, 91.0454406738, 91.4169616699, 91.788482666, 92.1599960327, 92.5315170288, 92.9030380249, 93.2861633301, 93.6576843262, 94.0408172607, 94.4123306274, 94.7838516235, 95.1553726196, 95.5268936157, 95.9100189209, 96.2931518555, 96.6646728516, 97.0361862183, 97.4077072144, 97.7792282104, 98.1507492065, 98.5222625732, 98.9053955078, 99.288520813, 99.6600418091, 100.031562805, 100.403083801, 100.786209106, 101.157730103, 101.540863037, 101.912376404, 102.2838974, 102.655418396, 103.026939392, 103.398452759, 103.781585693, 104.164710999, 104.536231995, 104.907752991, 105.279273987, 105.650794983, 106.02230835, 106.405441284, 106.788566589, 107.160087585, 107.531608582, 107.903129578, 108.274642944, 108.657775879, 109.040908813, 109.41242218, 109.783943176, 110.155464172, 110.526985168, 110.898498535, 111.28163147, 111.664756775, 112.036277771, 112.407798767, 112.779319763, 113.15083313, 113.522354126, 113.893875122, 114.265396118, 114.636917114, 115.008430481, 115.403175354, 115.786300659, 116.169433594, 116.54094696, 116.912467957, 117.283988953, 117.655509949, 118.038635254, 118.41015625, 118.793289185, 119.164802551, 119.547935486, 119.907844543, 120.27936554, 120.650878906, 121.022399902, 121.393920898, 121.788658142, 122.160179138, 122.531700134, 122.90322113, 123.274734497, 123.646255493, 124.017776489, 124.412513733, 124.784034729, 125.155555725, 125.53868103, 125.910202026, 126.293327332, 126.664848328, 127.036369324, 127.40789032, 127.779411316, 128.162536621, 128.545669556, 128.917190552, 129.288711548, 129.660217285, 130.031738281, 130.414871216, 130.79800415, 131.169525146, 131.541046143, 131.912567139, 132.284072876, 132.655593872, 133.038726807, 133.421859741, 133.793380737, 134.164901733, 134.536407471, 134.907928467, 135.279449463, 135.662582397, 136.045715332, 136.417236328, 136.788757324, 137.160263062, 137.531784058, 137.903305054, 138.27482605, 138.646347046, 139.02947998, 139.412597656, 139.784118652, 140.155639648, 140.538772583, 140.921905518, 141.293426514, 141.66494751, 142.036453247, 142.407974243, 142.791107178, 143.174240112, 143.545761108, 143.917282104, 144.288803101, 144.660308838, 145.031829834, 145.40335083, 145.774871826, 146.158004761, 146.541137695, 146.912643433, 147.284164429, 147.655685425, 148.038818359, 148.410339355, 148.781860352, 149.164993286, 149.548110962, 149.931243896, 150.291152954, 150.66267395, 151.045806885, 151.417327881, 151.788833618, 152.160354614, 152.53187561, 152.903396606, 153.274917603, 153.646438599, 154.029571533, 154.412689209, 154.784210205, 155.155731201, 155.538864136, 155.92199707, 156.293518066, 156.665023804, 157.0365448, 157.408065796, 157.779586792, 158.151107788, 158.534240723, 158.917373657, 159.288879395, 159.660400391, 160.031921387, 160.415054321, 160.798187256, 161.169708252, 161.541213989, 161.912734985, 162.284255981, 162.655776978, 163.038909912, 163.422042847, 163.793563843, 164.16506958, 164.536590576, 164.908111572, 165.279632568, 165.662765503, 166.045898438, 166.417419434, 166.788925171, 167.160446167, 167.531967163, 167.915100098, 168.286621094, 168.65814209, 169.041259766, 169.412780762, 169.795913696, 170.179046631, 170.550567627, 170.922088623, 171.293609619, 171.665115356, 172.036636353, 172.408157349, 172.791290283, 173.162811279, 173.545944214, 173.917449951, 174.288970947, 174.660491943, 175.032012939, 175.403533936, 175.775054932, 176.158187866, 176.541305542, 176.912826538, 177.284347534, 177.65586853, 178.039001465, 178.422134399, 178.793640137, 179.165161133, 179.536682129, 179.908203125, 180.279724121, 180.662857056, 181.04598999, 181.417495728, 181.789016724, 182.16053772, 182.532058716, 182.903579712, 183.286712646, 183.669830322, 184.041351318, 184.412872314, 184.784393311, 185.155914307, 185.527435303, 185.922180176, 186.293685913, 186.665206909, 187.036727905, 187.408248901, 187.779769897, 188.151290894, 188.52281189, 188.905944824, 189.2890625, 189.660583496, 190.043716431, 190.426849365, 190.798370361, 191.181488037, 191.553009033, 191.912918091, 192.284439087, 192.655960083, 193.027481079, 193.410614014, 193.793731689, 194.165252686, 194.536773682, 194.908294678, 195.279815674, 195.662948608, 196.046066284, 196.41758728, 196.789108276, 197.172241211, 197.555374146, 197.926895142, 198.298416138, 198.669921875, 199.041442871, 199.412963867, 199.784484863, 200.156005859, 200.527526855, 200.91065979, 201.293777466, 201.665298462, 202.036819458, 202.408340454, 202.77986145, 203.151382446, 203.546112061, 203.917633057, 204.289154053, 204.660675049, 205.032196045, 205.403717041, 205.775238037, 206.158370972, 206.541488647, 206.913009644, 207.28453064, 207.656051636, 208.027572632, 208.410705566, 208.782211304, 209.165344238, 209.536865234, 209.919998169, 210.291519165, 210.6746521, 211.057769775, 211.44090271, 211.824035645, 212.207168579, 212.636734009, 213.066299438, 213.495864868, 213.925445557, 214.355010986, 214.784576416, 215.214141846, 215.655319214, 216.096496582, 216.537689209, 216.978866577, 217.420043945, 217.861221313, 218.31401062, 218.766799927, 219.219589233]
